# yp2 w0 w1 w2 logA ns theta_MC_100 omegabh2 omegach2 tau A_planck calib_100T calib_217T A_cib_217 xi_sz_cib A_sz ksz_norm gal545_A_100 gal545_A_143 gal545_A_143_217 gal545_A_217 ps_A_100_100 ps_A_143_143 ps_A_143_217 ps_A_217_217
1.738751127586993619e-05 -4.505668644924501823e-06 -4.683904021036226491e-05 3.614464323050953418e-06 -3.193975287097677371e-06 9.996124323874815975e-08 -3.119250948198782546e-08 1.170228946428431758e-07 6.139433342577705764e-07 -6.264887290690484736e-07 -1.681310312985891114e-06 1.369665973700056557e-08 3.242508313361007216e-09 4.642676028297231298e-04 -1.061285790047007091e-05 -1.930174706793389545e-04 1.929909987686743533e-04 2.981878820893978858e-04 1.320284340195604718e-05 3.233494467987424237e-05 -3.739608370562472368e-04 1.706330695385105400e-02 5.260988579511876283e-03 -7.192570716807776023e-03 -1.258857165499304917e-02
-4.505668644924501823e-06 2.042802855186756292e-03 -5.055524741455131275e-03 2.267616796127639583e-03 -7.642013003089787721e-06 1.704630733161965900e-05 7.651838506486001962e-07 3.513893784538439511e-07 -9.853233211513479249e-06 7.604635016601519568e-06 8.806063617848770112e-07 5.679541450712726357e-07 3.578028476700553577e-07 9.736477766719160709e-03 2.291123320348532097e-04 1.751643384922978034e-03 -1.012237192424078006e-03 -8.185927401677679360e-04 -6.402097725138171120e-04 2.010010456390468828e-03 4.043318851260587800e-03 2.618646533809676144e-02 -5.727077868128437749e-02 3.191432556432099304e-02 -1.254448100441637494e-02
-4.683904021036228523e-05 -5.055524741455131275e-03 1.854023153278225589e-01 -4.089530281252619082e-01 5.576225449623724512e-04 6.105035810835283874e-04 3.703433365157620077e-05 1.502309328981179543e-05 -2.871698603258944428e-04 6.392695955952710542e-04 1.835582023525766774e-05 -2.639421258437219260e-06 7.198348304463296597e-06 2.291905268950597194e-02 -1.220850193718620892e-03 3.376490668687803266e-03 -2.137286417935284344e-02 -4.815656140190442344e-03 -3.890971029007558738e-04 -2.198828852922736152e-02 1.673105437494957007e-02 -6.127694897634224924e-01 6.870583922674477172e-03 1.121042861353080677e-01 -8.061278142577761319e-01
3.614464323050948760e-06 2.267616796127639583e-03 -4.089530281252619637e-01 1.313577911544400401e+00 1.407390312770847316e-03 -5.522381066126004013e-04 -1.476301825186982594e-05 -1.730281578618135912e-05 3.168816088998635582e-04 1.917759560970149131e-04 -4.224689198315498136e-06 2.125277064868899383e-05 -1.721969981335718503e-05 -2.372650909600028668e-01 4.045799265563654497e-03 -3.629129091505536864e-02 6.339326933164118882e-02 3.571097822933028826e-02 -1.394213478161961117e-02 3.375997688199799951e-02 -6.619976345807877804e-02 -1.383029155552131240e+00 -1.125111901465033704e+00 -7.975017077061999915e-01 3.017365546893831407e+00
-3.193975287097677371e-06 -7.642013003089787721e-06 5.576225449623724512e-04 1.407390312770847533e-03 2.337076908358747158e-04 1.151350754909288238e-05 9.062942131476076480e-07 2.346351730250110319e-07 -7.319816352144553601e-06 1.200890438815017665e-04 7.407200192116226317e-06 1.351986752856385986e-07 1.430474468437355012e-07 -2.326999825082168554e-03 -5.894079261369558014e-06 -2.972110140722053397e-04 1.712083439447274671e-04 -4.153309287200273106e-04 6.684547914035961604e-04 1.985937857396525858e-03 4.583158915220070240e-03 3.298737315652535296e-03 1.181906030407771716e-02 7.057046051318693414e-05 -6.204294737504673606e-03
9.996124323874815975e-08 1.704630733161965900e-05 6.105035810835283874e-04 -5.522381066126004013e-04 1.151350754909288238e-05 2.584328009736191990e-05 5.848517156035811464e-07 2.929672139298266696e-07 -4.678113165385022584e-06 1.378180108151319770e-05 -3.277541899124237723e-06 -1.336244724731774471e-08 4.983300105119797734e-08 -2.470393182627681947e-04 -9.351559108125398850e-06 1.335161248739369019e-04 -3.768901601907592627e-04 5.660899465226034398e-04 1.513559490912087173e-04 4.408253480989451716e-04 6.289577412638713318e-04 -3.108177494879519123e-02 -4.030627729806274609e-03 -3.997901038173649023e-03 -6.063584026909024823e-03
-3.119250948198782546e-08 7.651838506486001962e-07 3.703433365157619400e-05 -1.476301825186982594e-05 9.062942131476076480e-07 5.848517156035811464e-07 3.693158541204754776e-07 2.146213569373878452e-08 -7.591809465171077808e-08 3.831627182986224291e-07 -5.079424014141540152e-08 3.971050984170977666e-09 5.411127322588462543e-09 1.104810097980596582e-06 -4.706589530847168681e-07 4.826086845275547141e-05 -4.330746472847325757e-05 -1.815283606071993821e-05 5.479474827560713011e-06 2.126286278711583087e-05 9.853017128056740009e-06 -1.851762542847370694e-04 -1.265797529374235999e-04 6.918338751525678065e-04 1.039844932600138229e-03
1.170228946428431758e-07 3.513893784538439511e-07 1.502309328981179543e-05 -1.730281578618135912e-05 2.346351730250110319e-07 2.929672139298266696e-07 2.146213569373878452e-08 3.102382626899064289e-08 -7.929107920223737519e-08 2.421620824080353330e-07 -7.917830251719884003e-08 1.819446856873177286e-09 2.614633823987466489e-09 -2.575675539233590743e-05 -3.338112602914576453e-07 6.928599418794331659e-06 7.916802859144700385e-07 -4.238597016090634787e-06 -4.025912931391175347e-06 1.809819111921980364e-05 2.704347552250201893e-05 1.452850253575697437e-03 1.060143771758288939e-03 8.705006074816037205e-04 7.366592664494851653e-04
6.139433342577705764e-07 -9.853233211513479249e-06 -2.871698603258944428e-04 3.168816088998635582e-04 -7.319816352144553601e-06 -4.678113165385022584e-06 -7.591809465171077808e-08 -7.929107920223737519e-08 2.357682546309895789e-06 -6.361531732097412506e-06 -3.419729784533515025e-07 -4.258036661935655823e-08 -1.902976893447729800e-08 8.583437787553088467e-04 1.023061452330455005e-06 1.765526747907661715e-05 9.859671737806466937e-05 3.255820871202760278e-05 -2.249272726089597961e-05 -1.207262271218498875e-04 -3.484328775489454306e-04 9.846056148829227320e-03 5.086321686462795880e-03 2.352699370449610420e-03 -2.657411519608955403e-03
-6.264887290690484736e-07 7.604635016601518720e-06 6.392695955952711626e-04 1.917759560970148317e-04 1.200890438815017665e-04 1.378180108151319770e-05 3.831627182986224291e-07 2.421620824080353330e-07 -6.361531732097412506e-06 6.924487228474443849e-05 4.023571959478838136e-07 5.445230803132060070e-08 1.273072692326164623e-07 -1.045282291679666990e-03 -1.237148490955927917e-05 -1.544793812212569371e-04 -9.115330489675221371e-05 7.007100258162286355e-05 4.985694773154067394e-04 1.197097780839706093e-03 1.941669470277498184e-03 1.692921834041634377e-03 8.243542665137010977e-03 -2.154607931908154601e-03 -5.555946242166639147e-03
-1.681310312985891114e-06 8.806063617848770112e-07 1.835582023525765080e-05 -4.224689198315509148e-06 7.407200192116226317e-06 -3.277541899124237723e-06 -5.079424014141540152e-08 -7.917830251719884003e-08 -3.419729784533515025e-07 4.023571959478838136e-07 4.971302479130149517e-06 -4.052158641953476782e-08 -3.708223211902652091e-08 1.459757125362703620e-03 6.742637735545534766e-06 9.753358259025222065e-05 1.187024059360740509e-04 -1.384452590459649157e-04 6.396480920382571821e-05 2.030540496782832539e-04 8.240318317885047443e-04 1.783538534009571769e-02 1.074169089177398617e-02 6.694691335874889543e-03 -1.719936717657628128e-04
1.369665973700056557e-08 5.679541450712726357e-07 -2.639421258437216296e-06 2.125277064868899383e-05 1.351986752856385986e-07 -1.336244724731774471e-08 3.971050984170977666e-09 1.819446856873177286e-09 -4.258036661935655823e-08 5.445230803132059408e-08 -4.052158641953476782e-08 4.059886079833770619e-07 -1.273159904105160632e-08 -9.539048566546276531e-04 3.704833691672363329e-06 1.110186015699089990e-04 -1.020153497739437003e-04 9.376757336091233561e-05 -1.267020758876353896e-04 -1.017099107335830017e-04 -2.455349338876146377e-05 9.377900304357304762e-03 -8.255593760190447356e-03 -3.804500538042394214e-03 1.640906364572780954e-03
3.242508313361007216e-09 3.578028476700553577e-07 7.198348304463299138e-06 -1.721969981335718842e-05 1.430474468437355012e-07 4.983300105119797734e-08 5.411127322588462543e-09 2.614633823987466489e-09 -1.902976893447729800e-08 1.273072692326164888e-07 -3.708223211902652091e-08 -1.273159904105160632e-08 4.060103115736798349e-07 1.158494477603452377e-03 3.306973671611394047e-06 -5.610231203131780929e-05 7.849214987594148470e-05 -1.205083685901033028e-05 -3.763050634816662632e-05 2.752037206585238103e-04 5.006911783721999798e-04 -2.592514182989437703e-04 -2.634026345844529913e-03 2.760358605144445270e-04 8.295616471180892928e-04
4.642676028297233466e-04 9.736477766719160709e-03 2.291905268950583663e-02 -2.372650909600029223e-01 -2.326999825082167687e-03 -2.470393182627675984e-04 1.104810097980616064e-06 -2.575675539233591421e-05 8.583437787553090635e-04 -1.045282291679668074e-03 1.459757125362704053e-03 -9.539048566546276531e-04 1.158494477603452377e-03 3.344795903906161243e+02 8.027614023080616168e-02 1.495831954298729061e+00 -2.207173174126946247e+00 2.035314846012202139e+00 -6.200052508949065455e-01 -3.341597865086365715e+01 -1.057017403084744416e+02 2.293379176730485653e+02 2.520593606736557604e+02 4.983634865884332612e+02 -1.180728832862165518e+03
-1.061285790047006922e-05 2.291123320348531825e-04 -1.220850193718618724e-03 4.045799265563655364e-03 -5.894079261369567332e-06 -9.351559108125397156e-06 -4.706589530847171328e-07 -3.338112602914573277e-07 1.023061452330454582e-06 -1.237148490955930120e-05 6.742637735545532225e-06 3.704833691672362059e-06 3.306973671611394894e-06 8.027614023080616168e-02 8.369203830832615265e-02 -2.984170655413731065e-03 -2.231394144196083718e-03 4.823443902294536137e-03 -4.830584373602378814e-03 -3.346469574874887630e-03 -7.238033128365542468e-02 -5.277149018981664996e-01 1.287468426623837203e+00 2.291076547135440844e+00 -9.645276290330493385e-01
-1.930174706793388731e-04 1.751643384922978684e-03 3.376490668687808904e-03 -3.629129091505536170e-02 -2.972110140722052855e-04 1.335161248739369290e-04 4.826086845275546464e-05 6.928599418794333353e-06 1.765526747907663748e-05 -1.544793812212569913e-04 9.753358259025222065e-05 1.110186015699089990e-04 -5.610231203131780929e-05 1.495831954298729061e+00 -2.984170655413733234e-03 4.437889658334277954e+00 -3.300889141822494377e+00 -2.369983636854947062e-01 -5.241525245519575854e-02 7.246960430056113012e-01 5.572614277409762007e-01 -3.911406262847584259e+01 -3.206475789882574201e+00 2.098681978719348606e+01 -5.383290064187555402e+00
1.929909987686743804e-04 -1.012237192424077789e-03 -2.137286417935284691e-02 6.339326933164117495e-02 1.712083439447275484e-04 -3.768901601907592627e-04 -4.330746472847324402e-05 7.916802859144704620e-07 9.859671737806466937e-05 -9.115330489675213239e-05 1.187024059360740509e-04 -1.020153497739437003e-04 7.849214987594148470e-05 -2.207173174126946691e+00 -2.231394144196082851e-03 -3.300889141822494377e+00 6.655543257846702865e+00 1.266900769074224831e-01 5.523740927755332181e-02 -2.230718778778229272e-01 4.475773176059144043e-01 2.291592042310103139e+01 -1.213941967700469693e+00 -1.677869520810206438e+01 3.639286270599826345e+00
2.981878820893978858e-04 -8.185927401677682612e-04 -4.815656140190444946e-03 3.571097822933028132e-02 -4.153309287200273648e-04 5.660899465226034398e-04 -1.815283606071993821e-05 -4.238597016090634787e-06 3.255820871202759600e-05 7.007100258162279579e-05 -1.384452590459649428e-04 9.376757336091233561e-05 -1.205083685901032520e-05 2.035314846012202139e+00 4.823443902294534402e-03 -2.369983636854946230e-01 1.266900769074225108e-01 3.279806755749312241e+00 4.444385253838404326e-01 -2.450711874367142787e-02 -5.359491514334470130e-01 -1.641043694186600632e+01 9.064047338300779799e+00 6.423621844897873245e+00 -5.866041337939666533e+00
1.320284340195606242e-05 -6.402097725138170036e-04 -3.890971029007514828e-04 -1.394213478161961638e-02 6.684547914035960520e-04 1.513559490912087173e-04 5.479474827560717246e-06 -4.025912931391175347e-06 -2.249272726089598639e-05 4.985694773154067394e-04 6.396480920382571821e-05 -1.267020758876353896e-04 -3.763050634816662632e-05 -6.200052508949067676e-01 -4.830584373602380549e-03 -5.241525245519576548e-02 5.523740927755334956e-02 4.444385253838404326e-01 3.395556405522379251e+00 2.569553713182022747e+00 2.656877108818656907e+00 1.797588735661784654e+01 -1.615524916949576806e+01 -5.435381583462666200e+00 6.763623433861437384e+00
3.233494467987424237e-05 2.010010456390468828e-03 -2.198828852922733723e-02 3.375997688199799951e-02 1.985937857396525858e-03 4.408253480989451716e-04 2.126286278711583087e-05 1.809819111921980364e-05 -1.207262271218498468e-04 1.197097780839706093e-03 2.030540496782832539e-04 -1.017099107335830288e-04 2.752037206585238103e-04 -3.341597865086367136e+01 -3.346469574874894135e-03 7.246960430056113012e-01 -2.230718778778230105e-01 -2.450711874367148685e-02 2.569553713182022747e+00 1.789388767797829516e+01 3.261847018998251002e+01 2.757855642789920481e+01 4.836845648226511685e+01 -9.065818391287432121e+01 5.307428079744157401e+01
-3.739608370562472368e-04 4.043318851260586065e-03 1.673105437494955272e-02 -6.619976345807886131e-02 4.583158915220071107e-03 6.289577412638711149e-04 9.853017128056760338e-06 2.704347552250202570e-05 -3.484328775489454306e-04 1.941669470277498618e-03 8.240318317885047443e-04 -2.455349338876148071e-05 5.006911783721999798e-04 -1.057017403084744416e+02 -7.238033128365541080e-02 5.572614277409763117e-01 4.475773176059144043e-01 -5.359491514334471240e-01 2.656877108818656907e+00 3.261847018998251002e+01 8.611421333824236513e+01 1.530034888462116704e+01 7.021088892606104537e+01 -1.544208327566185233e+02 1.306227295050507280e+02
1.706330695385105400e-02 2.618646533809678226e-02 -6.127694897634227145e-01 -1.383029155552131240e+00 3.298737315652535296e-03 -3.108177494879519123e-02 -1.851762542847370694e-04 1.452850253575697437e-03 9.846056148829227320e-03 1.692921834041630474e-03 1.783538534009571769e-02 9.377900304357304762e-03 -2.592514182989438245e-04 2.293379176730485653e+02 -5.277149018981661666e-01 -3.911406262847584259e+01 2.291592042310103494e+01 -1.641043694186600632e+01 1.797588735661784654e+01 2.757855642789920125e+01 1.530034888462117060e+01 9.831799822699147626e+03 3.695793685478291081e+03 1.309266083949415815e+03 -3.542237858047107579e+02
5.260988579511876283e-03 -5.727077868128439136e-02 6.870583922674236912e-03 -1.125111901465033259e+00 1.181906030407771889e-02 -4.030627729806277211e-03 -1.265797529374236541e-04 1.060143771758288939e-03 5.086321686462795012e-03 8.243542665137010977e-03 1.074169089177398617e-02 -8.255593760190447356e-03 -2.634026345844530780e-03 2.520593606736557035e+02 1.287468426623837203e+00 -3.206475789882573757e+00 -1.213941967700468583e+00 9.064047338300779799e+00 -1.615524916949576806e+01 4.836845648226511685e+01 7.021088892606103116e+01 3.695793685478291081e+03 6.485036399408159923e+03 3.125871879377520600e+03 -8.341095782491051125e+01
-7.192570716807775155e-03 3.191432556432098611e-02 1.121042861353072351e-01 -7.975017077061999915e-01 7.057046051318693414e-05 -3.997901038173646421e-03 6.918338751525680234e-04 8.705006074816037205e-04 2.352699370449611721e-03 -2.154607931908155902e-03 6.694691335874888675e-03 -3.804500538042394214e-03 2.760358605144446354e-04 4.983634865884332612e+02 2.291076547135440400e+00 2.098681978719348606e+01 -1.677869520810206794e+01 6.423621844897875022e+00 -5.435381583462667088e+00 -9.065818391287432121e+01 -1.544208327566184948e+02 1.309266083949415815e+03 3.125871879377520600e+03 5.736261018820355275e+03 2.295162405988072805e+03
-1.258857165499304917e-02 -1.254448100441635933e-02 -8.061278142577755768e-01 3.017365546893830963e+00 -6.204294737504671003e-03 -6.063584026909027425e-03 1.039844932600138229e-03 7.366592664494852737e-04 -2.657411519608954536e-03 -5.555946242166635678e-03 -1.719936717657637615e-04 1.640906364572780954e-03 8.295616471180895096e-04 -1.180728832862165518e+03 -9.645276290330493385e-01 -5.383290064187555402e+00 3.639286270599826345e+00 -5.866041337939667422e+00 6.763623433861437384e+00 5.307428079744157401e+01 1.306227295050507280e+02 -3.542237858047107011e+02 -8.341095782491051125e+01 2.295162405988072805e+03 1.194027112142010083e+04
