# fde_zc log10zc theta_i yp2 logA ns theta_MC_100 omegabh2 omegach2 tau A_planck calib_100T calib_217T A_cib_217 xi_sz_cib A_sz ksz_norm gal545_A_100 gal545_A_143 gal545_A_143_217 gal545_A_217 ps_A_100_100 ps_A_143_143 ps_A_143_217 ps_A_217_217
9.686105995505612815e-04 2.010463926897233973e-03 -5.264798511705017555e-04 -2.382031650771786410e-05 2.492734265092329845e-04 2.140734517934812428e-04 -1.022695179597408898e-05 9.833649414336081986e-07 2.201679957190168224e-04 -2.819546242202724135e-05 -7.475223919881932471e-06 -4.665656204461586388e-08 -6.659984550190767323e-07 -1.424902564556230675e-04 -2.563513372245159025e-05 5.605748150534641634e-04 1.667317249369823593e-03 -2.802304276676460939e-05 1.334420037685513571e-03 4.929374162954094050e-03 3.556009302106314957e-03 1.848602690288902450e-01 1.179866876804308018e-01 4.324275864319963858e-02 2.829599258461874475e-02
2.010463926897233973e-03 1.039578382723530849e-02 5.994862710579776550e-03 -1.190250433381553907e-04 7.633668452988967654e-04 7.269456641447068950e-04 -2.513250760565393049e-05 2.005728491327056268e-05 5.202358047674570697e-04 -1.188231148726895641e-04 1.284045901889831097e-05 -5.819952409969890016e-07 -1.239829049268056066e-06 5.035321803279709831e-03 -3.061828657230363936e-04 4.221079206136102088e-03 -2.340786796082743645e-03 7.599040088434772140e-04 2.352491692696867271e-03 1.803068512236619819e-02 1.786660764023904543e-02 1.657519429879741046e-01 2.399164099413278184e-01 2.140014432819997703e-02 6.583583170271815888e-02
-5.264798511705013218e-04 5.994862710579774816e-03 8.076481203903588257e-01 -1.456344800613236013e-04 -7.119039657946239124e-04 2.754980983493976335e-04 -4.046720160926676927e-06 8.305154774566238314e-06 -6.916857691261988890e-05 -3.979366272027749524e-04 1.494097326071573920e-05 -1.089292155230359246e-05 -3.330031967939285750e-06 -5.963336450552293028e-02 7.694902092322325124e-04 -1.687821396689466588e-03 1.776734267136075712e-02 -8.090439804491901532e-03 -2.478537090693659975e-02 -3.591968252418613339e-02 -3.164023897029469290e-02 -1.703886860860382324e+00 -3.830077603033349432e-01 6.099456649112608986e-01 1.001667792314086425e+00
-2.382031650771786410e-05 -1.190250433381553907e-04 -1.456344800613236555e-04 1.791425109850182891e-05 -1.155114670507730420e-05 -8.412532089508643462e-06 2.344385368520688064e-07 -1.369330566491233987e-07 -5.953328126193677463e-06 1.497912013796515632e-06 -1.791807076606366306e-06 -9.218546400460870986e-08 -7.477239240541117616e-09 -1.922432080934770131e-03 -8.909970066810972926e-06 5.416963325705160333e-05 9.384211237803138721e-05 1.306474361289172530e-04 1.893107926248838201e-04 2.845377374503796960e-04 3.844667453209478373e-04 1.403423241058491394e-02 4.600875856327532251e-03 -1.359226112202089904e-03 5.531170037515116197e-03
2.492734265092329845e-04 7.633668452988967654e-04 -7.119039657946240208e-04 -1.155114670507730420e-05 2.858562785198196432e-04 7.025054625970631914e-05 -2.165802455379231675e-06 1.431359028628227603e-06 5.740633356316366824e-05 9.254353141767002590e-05 6.422490741738500182e-06 2.595297362492149242e-07 -1.084142492681833867e-07 4.479613403353286880e-03 2.341315816172451884e-05 4.959295358619809696e-04 1.454024341556994706e-04 2.915203889604475913e-04 2.380282628159307667e-04 1.562471966353847375e-03 2.404481543417653303e-03 6.231296828063714183e-02 2.799497624264217499e-02 -1.645243517170118372e-03 -3.273585553141299120e-02
2.140734517934812428e-04 7.269456641447068950e-04 2.754980983493976877e-04 -8.412532089508643462e-06 7.025054625970631914e-05 8.388090699016755784e-05 -2.260369935378385591e-06 1.405139665203500827e-06 5.012759919719265306e-05 -2.593225821801271962e-06 -3.259717863896143493e-06 -7.756298882166940649e-08 -1.244370263822216648e-07 1.669407989289620848e-03 -1.797595808452409351e-05 1.493712115250754808e-04 3.578451855033543767e-05 6.960897454725220330e-04 4.913588453453715098e-04 1.359451245053662277e-03 7.216486064153316594e-04 -1.681415364286121790e-03 1.284960581755222216e-02 6.011404777126512153e-03 -3.975143845755496445e-04
-1.022695179597408898e-05 -2.513250760565393049e-05 -4.046720160926673539e-06 2.344385368520688064e-07 -2.165802455379231675e-06 -2.260369935378385591e-06 4.556235903895123351e-07 -1.434628279529895130e-08 -2.256087028722568913e-06 3.811863945653155422e-07 2.703112369433779357e-08 6.843835286368604033e-09 5.551996991928434999e-09 2.907920523460691468e-05 -1.069183511143779687e-06 1.903318213772755730e-05 -3.688554146420407729e-05 -1.022628742795125871e-05 -5.205349450309195373e-06 -3.558918202196057476e-05 -3.987646448939553004e-05 4.788025064913868233e-04 -8.199419456474454698e-04 -8.647122949966202414e-04 -1.089462454311185052e-03
9.833649414336079868e-07 2.005728491327056268e-05 8.305154774566245090e-06 -1.369330566491233987e-07 1.431359028628227603e-06 1.405139665203500827e-06 -1.434628279529895130e-08 1.074418516070244997e-07 4.496408354440605759e-07 -2.573775277834007634e-08 4.832742564235396668e-08 -1.514456893813075730e-09 5.196780071431154002e-09 8.343758613639082799e-05 -9.752956286761235369e-07 1.163314986300185054e-05 -2.582830440497582599e-05 1.429640599058611711e-05 4.373968555651842182e-06 4.836597982314978263e-05 4.344759681164547902e-05 4.086807502565070098e-04 7.742108272992511342e-04 5.270844862231595374e-04 5.762424002930268373e-04
2.201679957190168224e-04 5.202358047674570697e-04 -6.916857691261987535e-05 -5.953328126193677463e-06 5.740633356316366824e-05 5.012759919719265306e-05 -2.256087028722568913e-06 4.496408354440605759e-07 5.289483639652736014e-05 -1.053004068040797189e-05 -1.566347629589462320e-06 -5.435331439241118502e-08 -1.346140367618543232e-07 5.866304967702928560e-04 -6.119681891218086943e-06 1.872096800010611319e-04 3.486887651339830199e-04 6.966355469899078771e-05 3.178847915631284604e-04 1.316512740067703018e-03 1.057356507913260026e-03 4.365384348699492822e-02 3.368736530716207739e-02 1.349579707642065141e-02 7.189770901933382856e-03
-2.819546242202724135e-05 -1.188231148726895641e-04 -3.979366272027752235e-04 1.497912013796515420e-06 9.254353141767002590e-05 -2.593225821801271962e-06 3.811863945653155422e-07 -2.573775277834008296e-08 -1.053004068040797189e-05 5.846628208072493380e-05 5.873358135895421666e-08 5.771011272203991620e-08 1.238276504426374514e-08 3.278630177588067775e-03 1.503139664738705848e-05 5.957634369293440319e-05 3.413607326845286873e-05 3.101515563272316161e-04 4.957032640686343303e-05 -3.898107294402336216e-04 -6.958756492356106809e-04 1.543303148725345617e-02 6.920168376243318164e-04 -4.406133234875040869e-03 -2.906672212927334520e-02
-7.475223919881932471e-06 1.284045901889831097e-05 1.494097326071575953e-05 -1.791807076606366306e-06 6.422490741738500182e-06 -3.259717863896143493e-06 2.703112369433779357e-08 4.832742564235396668e-08 -1.566347629589462320e-06 5.873358135895416372e-08 5.009910600057435192e-06 3.674633931930629715e-08 8.474299037559270273e-09 8.227025460738248558e-04 -8.049115808760278458e-06 1.347489398410482123e-04 -4.114926398365239700e-05 -2.932984260442636327e-05 -4.074192068039719067e-05 9.698733922010786978e-06 6.388585512542125939e-04 6.000533500125311559e-03 1.200626308922132877e-03 3.283648309162229143e-04 1.074581169697548348e-03
-4.665656204461586388e-08 -5.819952409969890016e-07 -1.089292155230359415e-05 -9.218546400460870986e-08 2.595297362492149242e-07 -7.756298882166940649e-08 6.843835286368604033e-09 -1.514456893813075730e-09 -5.435331439241118502e-08 5.771011272203990958e-08 3.674633931930629715e-08 4.120696031337458663e-07 -2.475038182824922630e-09 -8.793759799668353838e-04 3.714637052673730557e-06 9.640718703592888648e-05 -1.254260087924464952e-04 1.033522166894134515e-04 -4.181445757156252514e-05 -1.902554801692777711e-06 5.946975912357944282e-05 8.712475810487278760e-03 -7.744019201691858950e-03 -4.787662983351881514e-03 1.316978329272168458e-03
-6.659984550190767323e-07 -1.239829049268056066e-06 -3.330031967939280668e-06 -7.477239240541117616e-09 -1.084142492681833867e-07 -1.244370263822216648e-07 5.551996991928434999e-09 5.196780071431154002e-09 -1.346140367618543232e-07 1.238276504426374183e-08 8.474299037559270273e-09 -2.475038182824922630e-09 4.052824398641211951e-07 1.013346204342726806e-03 -2.092004506558663630e-06 3.613122049667521273e-06 2.797486129698600291e-05 -2.267963793229969512e-05 -1.826718431553657775e-05 2.797463491376734040e-04 5.603914614935264805e-04 -6.371885814357061261e-04 -2.846110268770342139e-03 1.276849250265095579e-03 2.158270837305936284e-03
-1.424902564556248293e-04 5.035321803279700290e-03 -5.963336450552292334e-02 -1.922432080934770131e-03 4.479613403353288614e-03 1.669407989289621065e-03 2.907920523460693162e-05 8.343758613639084155e-05 5.866304967702928560e-04 3.278630177588068208e-03 8.227025460738248558e-04 -8.793759799668352754e-04 1.013346204342726806e-03 3.470624929042772351e+02 -1.347658222058481514e-01 2.311849537403016797e+00 -1.062068230394910717e+00 2.032007257956111701e+00 -1.409140772118598339e-01 -3.264263505764448325e+01 -1.090570428556366238e+02 2.706809265497457204e+02 2.992948450494967005e+02 5.389642092756959073e+02 -1.201465051618567486e+03
-2.563513372245158347e-05 -3.061828657230365562e-04 7.694902092322324040e-04 -8.909970066810979703e-06 2.341315816172452222e-05 -1.797595808452411722e-05 -1.069183511143781593e-06 -9.752956286761231134e-07 -6.119681891218079320e-06 1.503139664738706526e-05 -8.049115808760278458e-06 3.714637052673731405e-06 -2.092004506558664054e-06 -1.347658222058481792e-01 8.216575934627602662e-02 5.424909527262441501e-03 -1.388480591854682894e-02 -1.408059737767896127e-02 1.296672015429940761e-02 3.645189165479829907e-02 -2.199741289680648675e-03 -1.535929910797662501e+00 4.028057949098443058e-01 1.460695075197815829e+00 -9.306019530128281092e-01
5.605748150534643802e-04 4.221079206136102088e-03 -1.687821396689455963e-03 5.416963325705156267e-05 4.959295358619809696e-04 1.493712115250755079e-04 1.903318213772756408e-05 1.163314986300184885e-05 1.872096800010611319e-04 5.957634369293440319e-05 1.347489398410482123e-04 9.640718703592888648e-05 3.613122049667524661e-06 2.311849537403016797e+00 5.424909527262439767e-03 4.421832476933909462e+00 -3.318469598689262945e+00 -1.885881384088037016e-01 4.809867024377934702e-02 5.650154689437613120e-01 1.679304227583210962e-01 -3.113615391718821357e+01 2.588422425920736014e+00 3.100770213633587247e+01 8.940580632657628701e-01
1.667317249369823593e-03 -2.340786796082743645e-03 1.776734267136076753e-02 9.384211237803148208e-05 1.454024341556995790e-04 3.578451855033560030e-05 -3.688554146420407729e-05 -2.582830440497582599e-05 3.486887651339830199e-04 3.413607326845295004e-05 -4.114926398365236989e-05 -1.254260087924464681e-04 2.797486129698600969e-05 -1.062068230394910717e+00 -1.388480591854683067e-02 -3.318469598689262945e+00 6.828550780614908611e+00 7.800317184797353476e-02 8.590185232349745181e-02 -4.084488195711263314e-01 -1.220380808180147741e-01 1.890397332508331019e+01 -2.397116933915808268e+00 -2.204493214202377871e+01 -1.968810784774437606e+00
-2.802304276676416216e-05 7.599040088434776477e-04 -8.090439804491925818e-03 1.306474361289172530e-04 2.915203889604475913e-04 6.960897454725221414e-04 -1.022628742795125871e-05 1.429640599058611711e-05 6.966355469899081481e-05 3.101515563272317787e-04 -2.932984260442636327e-05 1.033522166894134244e-04 -2.267963793229969851e-05 2.032007257956112145e+00 -1.408059737767896474e-02 -1.885881384088037016e-01 7.800317184797353476e-02 3.510338659128478866e+00 4.870945350046184674e-01 -1.020647478368354351e-02 -4.615334613886520887e-01 -1.616114166387541573e+01 1.564137663376254928e+01 1.261381770815015990e+01 1.737991995046098248e+00
1.334420037685513571e-03 2.352491692696867705e-03 -2.478537090693661710e-02 1.893107926248838201e-04 2.380282628159307125e-04 4.913588453453716183e-04 -5.205349450309200455e-06 4.373968555651842182e-06 3.178847915631284604e-04 4.957032640686344658e-05 -4.074192068039719067e-05 -4.181445757156253192e-05 -1.826718431553658452e-05 -1.409140772118600560e-01 1.296672015429940761e-02 4.809867024377933314e-02 8.590185232349747957e-02 4.870945350046184674e-01 3.285481275652990085e+00 2.547698919059695033e+00 2.354384518866717180e+00 1.648248454504991045e+01 -2.132175604998598573e+01 -4.787122026767590910e+00 7.624681274349558890e+00
4.929374162954094050e-03 1.803068512236619819e-02 -3.591968252418617502e-02 2.845377374503796960e-04 1.562471966353847158e-03 1.359451245053662494e-03 -3.558918202196057476e-05 4.836597982314978940e-05 1.316512740067703018e-03 -3.898107294402338384e-04 9.698733922010829329e-06 -1.902554801692778981e-06 2.797463491376734040e-04 -3.264263505764448325e+01 3.645189165479829907e-02 5.650154689437613120e-01 -4.084488195711263869e-01 -1.020647478368352269e-02 2.547698919059695033e+00 1.793222074910019614e+01 3.215933454948196157e+01 2.387750702660012081e+01 3.518090865985507065e+01 -9.846935930101123802e+01 4.828699440509699770e+01
3.556009302106315391e-03 1.786660764023904543e-02 -3.164023897029469984e-02 3.844667453209478373e-04 2.404481543417653737e-03 7.216486064153316594e-04 -3.987646448939559781e-05 4.344759681164546547e-05 1.057356507913260026e-03 -6.958756492356106809e-04 6.388585512542127023e-04 5.946975912357942926e-05 5.603914614935264805e-04 -1.090570428556366238e+02 -2.199741289680646073e-03 1.679304227583210962e-01 -1.220380808180149546e-01 -4.615334613886521997e-01 2.354384518866716736e+00 3.215933454948196157e+01 8.637054671796303751e+01 -6.172675834220950897e+00 4.436364882050286695e+01 -1.694409457350933508e+02 1.425294540843513005e+02
1.848602690288902450e-01 1.657519429879740491e-01 -1.703886860860382102e+00 1.403423241058491741e-02 6.231296828063713489e-02 -1.681415364286122224e-03 4.788025064913870401e-04 4.086807502565071182e-04 4.365384348699492822e-02 1.543303148725345270e-02 6.000533500125313294e-03 8.712475810487278760e-03 -6.371885814357061261e-04 2.706809265497457204e+02 -1.535929910797662945e+00 -3.113615391718821357e+01 1.890397332508330663e+01 -1.616114166387541928e+01 1.648248454504991045e+01 2.387750702660012081e+01 -6.172675834220947344e+00 8.527632429603701894e+03 3.477169419596702937e+03 1.497988775872262067e+03 -2.321877878709447032e+02
1.179866876804308018e-01 2.399164099413277906e-01 -3.830077603033339440e-01 4.600875856327534853e-03 2.799497624264218193e-02 1.284960581755221869e-02 -8.199419456474456866e-04 7.742108272992512426e-04 3.368736530716207739e-02 6.920168376243353943e-04 1.200626308922132226e-03 -7.744019201691858950e-03 -2.846110268770342139e-03 2.992948450494967005e+02 4.028057949098442503e-01 2.588422425920736458e+00 -2.397116933915810488e+00 1.564137663376254928e+01 -2.132175604998598573e+01 3.518090865985506355e+01 4.436364882050286695e+01 3.477169419596702937e+03 7.161582028773385900e+03 3.901804348949051928e+03 3.535232294358031595e+02
4.324275864319963164e-02 2.140014432819999091e-02 6.099456649112611206e-01 -1.359226112202090771e-03 -1.645243517170111216e-03 6.011404777126515622e-03 -8.647122949966203499e-04 5.270844862231595374e-04 1.349579707642065488e-02 -4.406133234875042604e-03 3.283648309162219927e-04 -4.787662983351880647e-03 1.276849250265095579e-03 5.389642092756959073e+02 1.460695075197815829e+00 3.100770213633587247e+01 -2.204493214202377516e+01 1.261381770815016168e+01 -4.787122026767590910e+00 -9.846935930101123802e+01 -1.694409457350933508e+02 1.497988775872261840e+03 3.901804348949051473e+03 6.592921832199199343e+03 2.823427116018270226e+03
2.829599258461873088e-02 6.583583170271813112e-02 1.001667792314085315e+00 5.531170037515113595e-03 -3.273585553141299120e-02 -3.975143845755496445e-04 -1.089462454311185052e-03 5.762424002930266204e-04 7.189770901933383723e-03 -2.906672212927334867e-02 1.074581169697548565e-03 1.316978329272167807e-03 2.158270837305936284e-03 -1.201465051618567486e+03 -9.306019530128279982e-01 8.940580632657637583e-01 -1.968810784774439382e+00 1.737991995046097582e+00 7.624681274349558890e+00 4.828699440509699059e+01 1.425294540843513573e+02 -2.321877878709446748e+02 3.535232294358031595e+02 2.823427116018270226e+03 1.240864729798576627e+04
