# fde_zc log10zc theta_i yp2 logA ns theta_MC_100 omegabh2 omegach2 tau A_planck
2.525944566433761460e-03 3.488179793139316049e-03 3.904211496528364311e-03 -1.003148565091959674e-04 8.581278792474063060e-04 6.241209061742599047e-04 -1.396092350082738998e-05 1.055877248540345329e-05 6.272188816904471307e-04 -3.958232514584995320e-06 -1.056141341708019157e-08
3.488179793139316049e-03 2.276577928711608079e-02 4.853210135537253805e-02 -4.715478296795054948e-04 1.485392500110645914e-03 3.909318441567756486e-03 -2.117596122844870443e-05 3.545518182152109448e-05 1.064652565801527074e-03 1.127776374609663722e-04 -2.547475808457220423e-06
3.904211496528364311e-03 4.853210135537253805e-02 9.152521261241424178e-01 -9.040917707351609021e-04 9.721832379464139277e-04 9.647163881821954265e-03 3.958713082315842364e-05 5.631443293854244134e-05 1.140492635091429211e-03 2.472124409010085914e-04 -1.567211284141895324e-05
-1.003148565091959674e-04 -4.715478296795054948e-04 -9.040917707351609021e-04 3.486154293328915806e-05 -4.823965998687820150e-05 -9.495478478321284720e-05 6.101937303141292006e-08 -6.844232257795422447e-07 -2.315733277237774711e-05 -4.743811556117795388e-06 9.949499240652870441e-09
8.581278792474063060e-04 1.485392500110645914e-03 9.721832379464139277e-04 -4.823965998687820150e-05 7.419747456672091393e-04 8.964951587262323272e-05 -5.980748676472702133e-06 4.972259835052875092e-06 2.509215069202443116e-04 1.085361402353397580e-04 4.375259044471621848e-07
6.241209061742599047e-04 3.909318441567756486e-03 9.647163881821954265e-03 -9.495478478321284720e-05 8.964951587262323272e-05 1.017908469035448378e-03 -4.394200585348642472e-07 5.196875420807854651e-06 1.597440349376853883e-04 5.782031937391950767e-05 -6.098382003470323056e-07
-1.396092350082738998e-05 -2.117596122844870443e-05 3.958713082315842364e-05 6.101937303141292006e-08 -5.980748676472702133e-06 -4.394200585348642472e-07 5.429209104533259579e-07 -6.891086539690414179e-08 -4.951752865440093944e-06 1.043620054502516862e-06 1.187224569400511201e-08
1.055877248540345329e-05 3.545518182152109448e-05 5.631443293854244134e-05 -6.844232257795422447e-07 4.972259835052875092e-06 5.196875420807854651e-06 -6.891086539690414179e-08 1.762176156950446141e-07 2.852412507005189081e-06 8.980226610964565998e-08 -9.788129886206908619e-09
6.272188816904471307e-04 1.064652565801526857e-03 1.140492635091429861e-03 -2.315733277237774711e-05 2.509215069202443116e-04 1.597440349376853883e-04 -4.951752865440093944e-06 2.852412507005189081e-06 1.855157132578151710e-04 -1.082797980205468416e-05 -4.378689297407764447e-08
-3.958232514584963980e-06 1.127776374609664671e-04 2.472124409010082119e-04 -4.743811556117795388e-06 1.085361402353397580e-04 5.782031937391951445e-05 1.043620054502516862e-06 8.980226610964555410e-08 -1.082797980205468924e-05 7.359988941716530853e-05 1.802467630068415379e-07
-1.056141341707992522e-08 -2.547475808457218305e-06 -1.567211284141897695e-05 9.949499240652810884e-09 4.375259044471625553e-07 -6.098382003470323056e-07 1.187224569400510208e-08 -9.788129886206910274e-09 -4.378689297407764447e-08 1.802467630068415379e-07 6.238599297406700504e-06
