# fde_zc log10zc theta_i yp2 logA ns theta_MC_100 omegabh2 omegach2 tau A_planck calib_100T calib_217T A_cib_217 xi_sz_cib A_sz ksz_norm gal545_A_100 gal545_A_143 gal545_A_143_217 gal545_A_217 ps_A_100_100 ps_A_143_143 ps_A_143_217 ps_A_217_217
6.044107934402001472e-04 8.646622128784576828e-04 8.484545350448909388e-05 -1.232636113402742702e-05 1.429521468022336818e-04 1.120353626901868645e-04 -7.501420980686785492e-06 -2.292944115121598450e-07 1.401157052968988288e-04 -2.255850372365118977e-05 -3.162812561158332649e-06 4.035067442572496624e-07 -5.384347343764317962e-08 -9.071507425803079783e-03 1.710767452053327036e-04 -5.162570775079517718e-04 -3.588417183435387752e-04 -1.274373979751031475e-03 2.171891791787843961e-04 8.447837385037418757e-04 3.179643811233745770e-03 1.384237121649031788e-01 2.836412563701964928e-02 -8.720902451123870025e-03 4.132370411679579802e-02
8.646622128784576828e-04 4.065299890605746785e-03 1.772517676570109328e-03 -5.042540000472953387e-05 3.694344315259150179e-04 3.018245714606507886e-04 -1.403952653428326636e-05 1.314434355260875506e-05 2.406464249252704933e-04 -5.395771043174449826e-05 1.433234878699937323e-05 6.228914679499103552e-07 4.415711858492841094e-07 2.707707759516721820e-03 5.298531096580565581e-04 1.549303462377678222e-04 8.905463683217774908e-05 -8.119410841431423751e-04 -1.030273529240462822e-03 -1.509454478625362134e-03 1.213367365462073716e-03 6.135459412445154470e-02 7.824347194363105717e-02 9.477366171634614422e-02 1.276157868300683007e-01
8.484545350448914809e-05 1.772517676570109762e-03 8.197514586795552338e-01 -4.322023584525713156e-05 1.940416650722903930e-04 2.375848675033596143e-04 -1.427022378933073415e-06 1.291736943129525615e-05 -2.552177576258549894e-05 5.734117501121923337e-05 4.526293085889081084e-05 -3.086191854213201665e-06 -1.326374945738335515e-05 -1.691592242103053811e-01 -1.337084154210573450e-03 -4.089031972697816653e-02 4.146939805706292836e-02 3.841905266831844440e-02 4.111746873789569670e-03 6.941516505447062335e-02 2.381477692674196789e-01 -9.504842700367973629e-01 -3.089901129274787994e-01 -4.547424595760664601e-01 -1.887989657717037861e+00
-1.232636113402742702e-05 -5.042540000472953387e-05 -4.322023584525713834e-05 1.826345954810837610e-05 -8.468727301727145334e-06 -3.553108606829482004e-06 1.666874799743053447e-07 -3.386389410849013451e-08 -3.083519884711121345e-06 5.149536137918459109e-07 -2.033885893580462878e-06 -7.860539793276203090e-08 -7.971341139879290785e-09 -1.172767749534070215e-04 -6.993321308064867507e-07 4.885707671562671342e-04 -3.847284632886649523e-04 1.514742573516463886e-04 -3.837131086158883955e-05 5.482480076821925419e-04 4.008823141935772714e-04 6.902187320117847760e-03 2.334374016373704994e-02 6.250763649793289814e-03 -3.050714976462682356e-03
1.429521468022336818e-04 3.694344315259150179e-04 1.940416650722904472e-04 -8.468727301727145334e-06 2.524232816688604282e-04 3.598193416816090369e-05 -1.733096357014204525e-06 7.818659351652636162e-07 3.287684245102222020e-05 9.494236093034980300e-05 7.191319985751022657e-06 9.867927542588490815e-08 -4.128084458556003936e-07 4.468271002460674247e-03 -5.667497400293863261e-05 1.688819169471396484e-04 -2.086694943768571914e-04 -6.984437545774718845e-04 -1.517518357966232809e-04 -1.647451019528563092e-03 -2.673224565436934340e-03 -6.262452948188405345e-03 -9.976996756739887895e-03 2.222486720364440487e-03 -4.427333666348499258e-03
1.120353626901868645e-04 3.018245714606507886e-04 2.375848675033596685e-04 -3.553108606829482004e-06 3.598193416816090369e-05 4.806464673769363799e-05 -1.447093333225326159e-06 8.414570487213770431e-07 2.595271104212557747e-05 5.528835913271795137e-07 -2.978732843392180260e-06 6.006410427073710894e-08 2.112262109586845446e-08 1.462135140382924455e-04 3.598368103015786991e-05 1.860595570759078119e-04 -4.447928422490674525e-05 1.920688880890416151e-04 8.351525715719584941e-05 -3.504891185675259127e-04 -9.144515664014543199e-04 -8.212097415352058102e-03 -5.094702051116955718e-03 2.821450902380874103e-03 3.974784297663184335e-03
-7.501420980686785492e-06 -1.403952653428326636e-05 -1.427022378933078498e-06 1.666874799743053447e-07 -1.733096357014204525e-06 -1.447093333225326159e-06 4.336290366291594465e-07 -7.679703055277882562e-09 -1.676201657160411010e-06 1.580475384795700751e-07 -3.936719761666499722e-08 -5.003642300681259139e-09 -7.238853242376617945e-10 2.265934111311437816e-04 -1.405860160314148706e-06 1.195396932860526935e-05 7.500072123957072456e-07 -1.633275995445801436e-05 -4.534831165520773782e-05 9.334952097498293142e-06 -9.972079994928594439e-05 -1.355712519901896944e-03 -9.042748562040562720e-04 -4.435606660079645597e-04 -8.384972209346442827e-04
-2.292944115121598450e-07 1.314434355260875506e-05 1.291736943129525615e-05 -3.386389410849013451e-08 7.818659351652636162e-07 8.414570487213770431e-07 -7.679703055277882562e-09 1.022952256548486883e-07 1.382238923834525426e-07 -5.567398489542421842e-08 4.156395160134812435e-08 -2.139130542601855011e-09 2.368029631228807764e-09 1.699762858249526142e-04 3.269512438884531846e-07 1.819666234053149111e-05 5.375522363383366633e-06 5.344239988279185672e-06 8.877053899213651196e-06 -1.218558650064978143e-05 -4.821883615902671400e-05 1.080841786177662604e-03 9.415154807255982994e-04 7.435206791596115890e-04 -4.707567406346126844e-04
1.401157052968988288e-04 2.406464249252704933e-04 -2.552177576258551249e-05 -3.083519884711121345e-06 3.287684245102222020e-05 2.595271104212557747e-05 -1.676201657160411010e-06 1.382238923834525426e-07 3.512068613135902725e-05 -9.211553065891416126e-06 -6.651687375200318456e-07 7.834985601492227594e-08 1.233922332081484923e-08 -1.345944425636608167e-03 5.462940187747384620e-05 -1.823683509585328783e-04 -1.036187569589628330e-04 -2.530753589443535275e-04 2.973708489242410442e-05 1.744437113290806364e-04 5.723854414199246090e-04 3.751133037990135588e-02 1.183264516284034291e-02 4.517117603370286749e-04 8.707943580604247946e-03
-2.255850372365118977e-05 -5.395771043174449826e-05 5.734117501121921981e-05 5.149536137918458050e-07 9.494236093034980300e-05 5.528835913271793019e-07 1.580475384795700751e-07 -5.567398489542421842e-08 -9.211553065891416126e-06 5.783636499665969339e-05 -3.612466354127255964e-07 -5.560764163925111199e-08 -2.450130552209652328e-07 3.445413437206984193e-03 -9.890905815255065733e-05 2.681953597473269693e-04 1.614847494948595141e-05 -8.180268046876884691e-06 -3.272180829008183953e-05 -8.853870090390405243e-04 -2.281204807455485071e-03 -1.450841450716794379e-02 -2.361616676389108761e-03 3.954644044396243840e-03 -1.217205136550515189e-02
-3.162812561158332649e-06 1.433234878699937323e-05 4.526293085889079729e-05 -2.033885893580462878e-06 7.191319985751022657e-06 -2.978732843392180260e-06 -3.936719761666499722e-08 4.156395160134812435e-08 -6.651687375200318456e-07 -3.612466354127255434e-07 5.265622530701784819e-06 -5.599161624103017285e-08 1.025146670764826926e-08 2.173880157651824317e-03 8.130783216817176980e-06 4.898754321964984197e-05 5.858669928026410327e-05 1.261534184329726478e-04 2.051843440760727476e-04 1.333144785752134935e-04 5.340129170495944069e-04 7.192225475934880055e-03 6.110392623058324632e-03 4.578701139229739842e-03 -1.304154935237671238e-03
4.035067442572496624e-07 6.228914679499103552e-07 -3.086191854213202512e-06 -7.860539793276203090e-08 9.867927542588490815e-08 6.006410427073710894e-08 -5.003642300681259139e-09 -2.139130542601855011e-09 7.834985601492227594e-08 -5.560764163925110537e-08 -5.599161624103017285e-08 4.214958872722406425e-07 -7.265501680219363152e-09 -1.059528998638848167e-03 5.840988734936367462e-06 8.734274455720924038e-05 -7.844234058372469406e-05 1.114744296164953298e-04 -1.680662627509205761e-04 -3.339386328599365885e-05 9.759014712514483658e-05 6.652885852696752492e-03 -8.247464086842914294e-03 -5.411123295351185671e-03 4.120525877589725056e-04
-5.384347343764317962e-08 4.415711858492841094e-07 -1.326374945738336023e-05 -7.971341139879290785e-09 -4.128084458556003936e-07 2.112262109586845446e-08 -7.238853242376617945e-10 2.368029631228807764e-09 1.233922332081486247e-08 -2.450130552209652328e-07 1.025146670764826926e-08 -7.265501680219363152e-09 4.153399379899465649e-07 1.427760422461054127e-03 -9.654151329298261249e-07 1.664884709028555438e-05 2.715121758115981342e-05 -1.045860950178258366e-05 -4.467112820472655878e-05 1.883013205625892620e-04 4.983655143801259124e-04 -2.538701508425972309e-03 -4.195934904495020670e-03 2.034158840053889184e-03 1.455529330019195025e-03
-9.071507425803079783e-03 2.707707759516723555e-03 -1.691592242103054367e-01 -1.172767749534070215e-04 4.468271002460674247e-03 1.462135140382927437e-04 2.265934111311437545e-04 1.699762858249525600e-04 -1.345944425636608167e-03 3.445413437206984626e-03 2.173880157651824317e-03 -1.059528998638848167e-03 1.427760422461054127e-03 3.249491778803740658e+02 -2.231245553916464397e-01 1.116386899583156955e+00 7.484952888210297250e-02 1.835010405340227635e+00 1.611482932651437938e-01 -2.911890936931189344e+01 -9.608376654934117767e+01 2.168579101448468123e+02 3.413954564585968114e+02 5.475033213064390338e+02 -1.097076414880642687e+03
1.710767452053326765e-04 5.298531096580567749e-04 -1.337084154210571498e-03 -6.993321308064935270e-07 -5.667497400293861905e-05 3.598368103015786313e-05 -1.405860160314147647e-06 3.269512438884526552e-07 5.462940187747384620e-05 -9.890905815255068444e-05 8.130783216817175286e-06 5.840988734936369156e-06 -9.654151329298257014e-07 -2.231245553916465507e-01 8.240359744071140691e-02 5.075066883355669467e-03 1.392302274194814719e-02 -1.469193869335347694e-02 4.109201862702380062e-04 5.055765810015586115e-02 4.871704951690685489e-04 -2.329304452008131854e+00 -5.204061332227518655e-01 8.490539786225089758e-01 -4.264604168363461123e-01
-5.162570775079518802e-04 1.549303462377673885e-04 -4.089031972697817346e-02 4.885707671562671342e-04 1.688819169471396755e-04 1.860595570759079745e-04 1.195396932860526596e-05 1.819666234053149111e-05 -1.823683509585327157e-04 2.681953597473270235e-04 4.898754321964984197e-05 8.734274455720924038e-05 1.664884709028556116e-05 1.116386899583157177e+00 5.075066883355671202e-03 4.307801219721728359e+00 -3.327565575801922915e+00 -1.547931364056663039e-01 5.040845767468707384e-02 5.882478969786230083e-01 5.831817724223571364e-01 -3.311592704879607396e+01 1.705004336134892107e+00 2.883368565872845934e+01 3.159196495938054294e+00
-3.588417183435385583e-04 8.905463683217818276e-05 4.146939805706292143e-02 -3.847284632886649523e-04 -2.086694943768572456e-04 -4.447928422490660973e-05 7.500072123957025870e-07 5.375522363383361551e-06 -1.036187569589629685e-04 1.614847494948595141e-05 5.858669928026407616e-05 -7.844234058372468051e-05 2.715121758115981681e-05 7.484952888210319455e-02 1.392302274194814372e-02 -3.327565575801922915e+00 6.947793794906783837e+00 1.515554657808477756e-01 -6.253320182068707045e-02 -3.217407944978382117e-01 7.821348230822612602e-02 2.971084550968754101e+01 1.309780132075410553e+00 -2.372207135351973051e+01 -1.342555715256854576e+01
-1.274373979751031042e-03 -8.119410841431423751e-04 3.841905266831844440e-02 1.514742573516464157e-04 -6.984437545774718845e-04 1.920688880890416151e-04 -1.633275995445801097e-05 5.344239988279184824e-06 -2.530753589443535275e-04 -8.180268046876905020e-06 1.261534184329726478e-04 1.114744296164953298e-04 -1.045860950178258366e-05 1.835010405340227635e+00 -1.469193869335348214e-02 -1.547931364056663039e-01 1.515554657808477756e-01 3.364527652120762546e+00 3.678176956425906474e-01 1.710375634502815656e-01 -2.686102088264895049e-01 -1.958597578233127123e+01 1.428503111550337046e+01 8.730234378670473916e+00 -1.675572010072287898e-01
2.171891791787843961e-04 -1.030273529240462171e-03 4.111746873789562731e-03 -3.837131086158883278e-05 -1.517518357966232267e-04 8.351525715719586296e-05 -4.534831165520773782e-05 8.877053899213651196e-06 2.973708489242399600e-05 -3.272180829008186664e-05 2.051843440760727476e-04 -1.680662627509205761e-04 -4.467112820472657233e-05 1.611482932651437383e-01 4.109201862702373557e-04 5.040845767468707384e-02 -6.253320182068705657e-02 3.678176956425906474e-01 3.361585556021911447e+00 2.671479003676321184e+00 2.363359145648208148e+00 7.770150147748629443e+00 -2.106700692917907958e+01 -1.102919474560789403e+01 3.316472138971142125e-01
8.447837385037425262e-04 -1.509454478625362351e-03 6.941516505447059560e-02 5.482480076821925419e-04 -1.647451019528563092e-03 -3.504891185675258584e-04 9.334952097498276202e-06 -1.218558650064978143e-05 1.744437113290805822e-04 -8.853870090390406327e-04 1.333144785752135206e-04 -3.339386328599367240e-05 1.883013205625892620e-04 -2.911890936931189344e+01 5.055765810015585421e-02 5.882478969786228973e-01 -3.217407944978382117e-01 1.710375634502815378e-01 2.671479003676321629e+00 1.749598748688583072e+01 3.098392945403280407e+01 2.749214082137093484e+01 4.135309552915492759e+01 -9.416309659352560857e+01 3.399602785412524497e+01
3.179643811233745770e-03 1.213367365462070463e-03 2.381477692674197066e-01 4.008823141935772714e-04 -2.673224565436934774e-03 -9.144515664014543199e-04 -9.972079994928597149e-05 -4.821883615902672077e-05 5.723854414199247174e-04 -2.281204807455485505e-03 5.340129170495944069e-04 9.759014712514483658e-05 4.983655143801259124e-04 -9.608376654934117767e+01 4.871704951690720184e-04 5.831817724223571364e-01 7.821348230822609826e-02 -2.686102088264894494e-01 2.363359145648208592e+00 3.098392945403280052e+01 8.286298697816475567e+01 3.335311631157691181e+01 6.844427265194235588e+01 -1.490915167650450712e+02 8.585202923434076183e+01
1.384237121649031788e-01 6.135459412445155858e-02 -9.504842700367971409e-01 6.902187320117847760e-03 -6.262452948188405345e-03 -8.212097415352058102e-03 -1.355712519901897378e-03 1.080841786177663038e-03 3.751133037990135588e-02 -1.450841450716793685e-02 7.192225475934879188e-03 6.652885852696751624e-03 -2.538701508425972309e-03 2.168579101448467839e+02 -2.329304452008131854e+00 -3.311592704879607396e+01 2.971084550968754101e+01 -1.958597578233127123e+01 7.770150147748627667e+00 2.749214082137093484e+01 3.335311631157691181e+01 8.406960792790296182e+03 3.687187855220996425e+03 1.366248015048415937e+03 -3.255998801228560069e+02
2.836412563701963541e-02 7.824347194363108493e-02 -3.089901129274783553e-01 2.334374016373704647e-02 -9.976996756739893099e-03 -5.094702051116960922e-03 -9.042748562040567057e-04 9.415154807255980826e-04 1.183264516284034118e-02 -2.361616676389110495e-03 6.110392623058325499e-03 -8.247464086842914294e-03 -4.195934904495020670e-03 3.413954564585968114e+02 -5.204061332227519765e-01 1.705004336134891663e+00 1.309780132075409220e+00 1.428503111550337046e+01 -2.106700692917907958e+01 4.135309552915492048e+01 6.844427265194237009e+01 3.687187855220996425e+03 7.444920308687914257e+03 3.946303860691278260e+03 1.823436612794251843e+01
-8.720902451123856147e-03 9.477366171634613035e-02 -4.547424595760662380e-01 6.250763649793288947e-03 2.222486720364447426e-03 2.821450902380874537e-03 -4.435606660079646139e-04 7.435206791596114806e-04 4.517117603370278075e-04 3.954644044396242106e-03 4.578701139229738974e-03 -5.411123295351183068e-03 2.034158840053888750e-03 5.475033213064390338e+02 8.490539786225089758e-01 2.883368565872845934e+01 -2.372207135351973761e+01 8.730234378670473916e+00 -1.102919474560789403e+01 -9.416309659352560857e+01 -1.490915167650450712e+02 1.366248015048415937e+03 3.946303860691277805e+03 6.501329854118023832e+03 2.690038638555213765e+03
4.132370411679576333e-02 1.276157868300683007e-01 -1.887989657717037861e+00 -3.050714976462683223e-03 -4.427333666348497523e-03 3.974784297663183467e-03 -8.384972209346443911e-04 -4.707567406346124133e-04 8.707943580604242742e-03 -1.217205136550515363e-02 -1.304154935237670588e-03 4.120525877589723972e-04 1.455529330019195025e-03 -1.097076414880642687e+03 -4.264604168363462233e-01 3.159196495938054294e+00 -1.342555715256854398e+01 -1.675572010072277906e-01 3.316472138971144346e-01 3.399602785412524497e+01 8.585202923434076183e+01 -3.255998801228559500e+02 1.823436612794251133e+01 2.690038638555213765e+03 1.214995214370275062e+04
