# fde_zc log10zc theta_i yp2 w0 w1 w2 logA ns theta_MC_100 omegabh2 omegach2 tau A_planck calib_100T calib_217T A_cib_217 xi_sz_cib A_sz ksz_norm gal545_A_100 gal545_A_143 gal545_A_143_217 gal545_A_217 ps_A_100_100 ps_A_143_143 ps_A_143_217 ps_A_217_217 DES_DZ_S1 DES_DZ_S2 DES_DZ_S3 DES_DZ_S4 DES_A1_1 DES_A1_2 DES_A2_1 DES_A2_2 DES_BTA_1 DES_M1 DES_M2 DES_M3 DES_M4
1.080281384917506932e-03 2.545536681980259744e-03 7.771537665299374422e-05 -3.181691323622131318e-05 1.211651491508514286e-04 2.774531541473946195e-03 8.240396676300186410e-05 3.088485255678482156e-04 2.997365039886311475e-04 -7.311599170192622669e-06 1.558414236003700426e-06 2.159691455397199430e-04 1.135137011657078573e-05 -4.734276999616674534e-06 2.727670759871844521e-07 -1.419248581543116514e-07 1.277475514534901456e-02 -3.944273342913354272e-04 1.386690096357401543e-03 -1.232087315733602223e-03 -3.989750125590683493e-04 1.713022744746712459e-03 3.217955858215465481e-03 3.166970807356166151e-03 3.402492255244600194e-01 2.100316772299903878e-01 7.583512144451695636e-02 -8.788663580470727765e-02 1.418034828507318462e-06 -3.041907292546173438e-06 -2.930897345939271206e-06 -5.826341232900841649e-07 1.003275955085702453e-03 -1.560801336043770833e-03 6.453452250234895018e-04 6.341910754159690291e-04 8.709502834163514238e-05 1.495408919678040945e-06 1.108658424937502025e-06 -3.649198228798919005e-06 -7.196375580283720432e-07
2.545536681980259744e-03 1.320247510542710452e-02 2.038678376577774700e-04 -1.544295451710587499e-04 4.156558591073283718e-04 8.975191976337001248e-03 2.264124494046744224e-03 1.216884567044173226e-03 1.037174591766044018e-03 -2.122674663204242296e-05 2.319319078151955269e-05 5.902205300564359420e-04 4.999187797616809584e-05 5.768399048096471598e-06 9.012708149049610651e-07 -1.475053588609431162e-06 4.530575275424472692e-02 -4.184977727586286674e-04 2.763234297120361563e-03 -4.427434584875663583e-03 1.506288307832959802e-03 2.739355895404854604e-03 1.176302877857220500e-02 1.186601722569354846e-02 7.405435875063681728e-01 5.498535091525520446e-01 2.389195856879196000e-01 -1.958649231510079525e-01 2.121625189112709531e-05 -9.053489187892479299e-06 -1.355891523873148697e-05 -5.925057844203489712e-06 5.078952034724335679e-03 -5.373503107799238246e-03 2.192529633781941344e-03 2.297712629977735274e-03 1.305086463051109290e-04 6.216654347095144468e-06 4.293066725580066399e-07 -2.233660209562887900e-05 -8.646019051117240865e-06
7.771537665299374422e-05 2.038678376577774700e-04 8.221046076354128207e-01 -1.547541291963342908e-05 5.444425462061778511e-04 -7.127658788149268329e-03 5.745232412962817878e-03 -8.531853488538513079e-04 5.583635752151964180e-04 -1.247447525597629470e-05 9.644070141043024742e-06 -8.331781433506741156e-05 -2.598740504524133508e-04 2.420214391245659392e-05 -5.500578677020836749e-07 -5.482290780360055940e-07 -1.860646023411589578e-01 -1.607436124860411219e-05 -3.910658607836505624e-02 -4.250668761852681617e-03 -1.193582142445453326e-03 2.171621768170714159e-02 -6.006502588983061997e-02 -4.007258579327731968e-02 1.202864843972297537e+00 1.006470673971942231e+00 1.759921409511425505e+00 2.296388320864085397e+00 -1.797464193048872217e-04 6.554631152897182619e-06 9.749543260356387979e-05 -4.034815781019081392e-06 -1.467130059873709112e-02 -2.013940962295982656e-02 -1.058938989672751282e-02 -3.526368856193583950e-02 8.422834225564398026e-04 8.041819798323562873e-05 3.605369416436412133e-05 -4.456417574075098771e-05 -6.138411538210504135e-05
-3.181691323622131318e-05 -1.544295451710587499e-04 -1.547541291963342908e-05 1.970373915946858814e-05 -4.831210781249547389e-06 -6.731862660486891169e-05 -1.548710121682477750e-04 -1.584593157073873316e-05 -1.291598053560934946e-05 1.982872248664702351e-07 -2.039128734256796867e-07 -7.442326746993217407e-06 1.055056944864129200e-06 -1.955655145077947354e-06 -4.067851974388977706e-08 -3.298118792162346455e-09 4.378135543716751973e-04 6.550941274970664014e-06 8.269259419239533330e-06 6.231630121747437536e-05 -1.087135429453182087e-05 7.916683768974133815e-05 3.929313287757790177e-04 1.963937194278950259e-04 5.994173342227420223e-03 1.028459927596384049e-02 -1.509947940086812847e-04 -3.645526239816290152e-03 6.857835779995345814e-08 2.853946310209455569e-08 2.556222389282754513e-07 2.491934473944437422e-07 -5.530346298440044707e-05 1.113541620661130844e-04 7.432675700566362599e-07 9.018830389937907517e-05 7.175395178341898101e-06 2.838841683769976526e-08 2.205138037408415766e-07 2.477010149133977671e-07 5.700790784565214141e-08
1.211651491508514286e-04 4.156558591073283718e-04 5.444425462061778511e-04 -4.831210781249547389e-06 1.841799246207513228e-03 -3.785204452169608959e-03 1.968346585096482273e-03 4.937439581986243333e-05 3.637039059781925157e-05 -7.385816043226328199e-07 5.588793018992691957e-07 2.090705060603850261e-05 1.064405485296357663e-05 4.406255971187542955e-07 7.311316642842680264e-07 3.872287334063728084e-07 2.267482640604847818e-02 -3.107284940942543587e-04 2.001326381303984367e-03 -3.030186509292016363e-03 -2.833503652188841364e-03 6.545902429158553240e-04 3.187133995799994960e-03 -4.303300647847162555e-04 1.484623672435965436e-01 1.003078091565025864e-01 1.826393539763699475e-02 -1.223432804325875478e-01 -1.579077305961700238e-06 -3.300899820405594745e-06 5.381138740121341233e-06 1.490823781736895750e-06 -1.316926853226433030e-03 -3.405924111106295449e-03 4.995234609037608846e-04 7.626274272642330964e-04 -3.105497435391015157e-04 4.522150557187391839e-07 6.353207015648971804e-07 -1.823790404184820191e-06 3.298752234930300758e-06
2.774531541473946195e-03 8.975191976337001248e-03 -7.127658788149268329e-03 -6.731862660486891169e-05 -3.785204452169608959e-03 1.659221923355279626e-01 -3.781451558347572739e-01 7.683313234250135773e-04 1.269509566933647643e-03 9.302331267270811562e-06 1.896019519557660900e-05 2.896118699217483002e-04 3.273949957943251480e-04 5.710613420590504770e-06 2.948694793904642508e-06 -2.664948265676929412e-06 1.145871040282117198e-01 2.750989490715253279e-03 -1.201334602600770927e-02 -2.575627212862661650e-02 1.343383602116185113e-02 -1.301556151557698923e-02 -6.779613980515999429e-03 -6.405728235310105545e-02 1.884930886129318750e-01 -2.509372070950094957e-01 -4.716322386686573331e-01 -1.072905163754307667e+00 -7.570438913304832328e-07 -9.740146915780849356e-06 5.751546382313782994e-05 8.517207634420930558e-05 -5.934790900775671618e-03 -3.387429914923991564e-03 -2.598468158089821400e-02 -3.773904799545137797e-03 -1.409689940426412194e-04 -1.994510164353026547e-05 3.685280183428223843e-05 1.917352236326816070e-05 4.874109527851949627e-05
8.240396676299932977e-05 2.264124494046748561e-03 5.745232412962861246e-03 -1.548710121682478021e-04 1.968346585096482273e-03 -3.781451558347572739e-01 1.290529340068055753e+00 8.158521152547857985e-04 1.666134432705299810e-04 -1.321020570890170566e-05 -1.145420754199256305e-05 9.335903593777787135e-05 2.449827937585207513e-04 1.485951206849633075e-05 -2.819715485862196987e-06 -3.910024219721613328e-06 -7.162888813870308402e-01 -8.733722021491046109e-03 6.305425428228850215e-02 2.784228825083720840e-02 6.364854965909710373e-03 4.935497806650399749e-02 7.158334439950339578e-02 3.153790200055565651e-01 3.411218559782369653e-01 5.389181079962646059e-01 1.039226512288380366e+00 4.494825851061390765e+00 -1.036984192436060269e-04 5.508609041895770874e-05 -7.951338727621424011e-05 -2.207295737203058758e-04 -1.633894124714027618e-02 1.253485561159795860e-03 7.244041994624168812e-02 2.177667905779945637e-02 2.300061612409570917e-03 3.847044643440818162e-05 -4.216092416980789719e-05 1.804419275267242042e-05 -2.579250508838571403e-05
3.088485255678482156e-04 1.216884567044173226e-03 -8.531853488538513079e-04 -1.584593157073873316e-05 4.937439581986243333e-05 7.683313234250135773e-04 8.158521152547873164e-04 3.850144499500170615e-04 1.152158355848927144e-04 -1.724531439849244527e-06 2.304876480349146100e-06 6.690775900416615985e-05 1.285091989462541502e-04 6.965421851724109841e-06 1.096129317767694382e-07 3.991428597803320085e-08 5.585742068828045137e-03 -2.146881460357658521e-04 3.994009931272076461e-04 -4.689754398189105141e-04 -5.278420599099722119e-04 4.540004788461238076e-04 2.825392098642439840e-04 -8.619722624490473240e-04 2.017284558539992820e-02 -4.221418614617034677e-04 2.551217131124369764e-03 -1.077985089784207250e-03 2.945897329262711485e-06 -1.553914602546313262e-06 -3.032174509241455765e-06 -2.088549342181766117e-06 9.895933295252057164e-04 -9.634505766647961282e-04 1.315344370754284433e-05 2.342191731634001516e-04 5.027971905487249284e-05 9.914642149044344100e-07 -3.644158773794249704e-07 -4.028788564510533748e-06 -1.075662351930571826e-06
2.997365039886311475e-04 1.037174591766044018e-03 5.583635752151964180e-04 -1.291598053560934946e-05 3.637039059781925157e-05 1.269509566933647643e-03 1.666134432705297370e-04 1.152158355848927144e-04 1.315818243276965153e-04 -1.502274852242833801e-06 1.932129074856720364e-06 5.928468457766548026e-05 1.569000706361306510e-05 -3.475208266379773056e-06 1.395489173785410535e-07 4.511251324998236076e-08 7.696140446459682344e-03 -1.037882873660153453e-04 6.175837650075012477e-04 -6.792845774485455198e-04 5.973923485931457522e-04 6.079252010748325023e-04 1.065409658064831594e-03 4.840556973887467939e-04 6.103195378711822466e-02 4.406338596075597136e-02 2.301958064773497112e-02 -4.024780604314480426e-02 4.049989016626120873e-07 -7.330949375456360433e-07 3.715945056716837244e-07 4.549341580377610530e-07 8.791029673705852616e-05 -8.687005445889740959e-04 -2.469797266066700629e-05 1.155599135643261569e-05 -4.877193961984095671e-06 3.389258009416107298e-07 7.097763258930341983e-07 -8.756090396939644570e-07 9.226049502195211871e-08
-7.311599170192622669e-06 -2.122674663204242296e-05 -1.247447525597629470e-05 1.982872248664702351e-07 -7.385816043226328199e-07 9.302331267270811562e-06 -1.321020570890167686e-05 -1.724531439849244527e-06 -1.502274852242833801e-06 4.156712971634114050e-07 -5.475298239962504649e-10 -1.559938363736021678e-06 2.149867983217276507e-07 -5.512733497518653260e-08 3.200330875380299306e-09 -5.481349793606149709e-09 -1.618984036085262127e-04 -1.139396156681193509e-06 -1.300425920382129678e-06 -1.837557856339051791e-05 -1.326723868544118499e-05 -1.483467782904286788e-05 8.591254039340734980e-05 1.437375897135646926e-04 -7.452277250623916358e-04 -5.724944170011534404e-04 -2.888191416958478617e-03 -1.880563975047148300e-03 -3.547586614376253112e-08 -9.673301751931304006e-10 1.188542081794482711e-07 8.638323265182842869e-08 -1.736540315992609492e-05 1.508218128496622114e-06 2.786898749830909468e-05 -2.824987125189324912e-05 -2.231510060645734093e-06 7.010224047986092999e-09 -2.211174290004075580e-10 7.152732473285287940e-08 6.821174630911996980e-08
1.558414236003700426e-06 2.319319078151955269e-05 9.644070141043024742e-06 -2.039128734256796867e-07 5.588793018992691957e-07 1.896019519557660900e-05 -1.145420754199252747e-05 2.304876480349146100e-06 1.932129074856720364e-06 -5.475298239962504649e-10 1.142862430361888770e-07 5.523158847517929961e-07 2.638370722962902507e-07 3.485465469394535311e-08 7.790108363184527310e-09 5.128202159233835785e-09 1.873791805153952981e-04 -1.622227974172938026e-06 -3.622858279994991849e-06 -9.657338248595683221e-06 1.246950823720665224e-05 1.456880241544820085e-05 3.610357408240996312e-05 -1.041204438066136635e-06 1.743480024767946534e-03 3.377286999168838122e-04 -9.505808935722449751e-05 -6.732114534865973974e-04 6.435110323776518708e-08 -1.184295073685083813e-08 2.929076366292266449e-08 -1.262274829462366759e-08 7.215710213950077784e-06 -1.983806969600314846e-05 -2.388175603369316502e-06 6.917103870385356504e-08 -2.292906163079677121e-06 8.707518316716591858e-09 3.710395259832383333e-09 -4.108508333372843709e-08 -1.718983490644219417e-08
2.159691455397199430e-04 5.902205300564359420e-04 -8.331781433506741156e-05 -7.442326746993217407e-06 2.090705060603850261e-05 2.896118699217483002e-04 9.335903593777787135e-05 6.690775900416615985e-05 5.928468457766548026e-05 -1.559938363736021678e-06 5.523158847517929961e-07 4.836117021075599185e-05 -3.224906559423612614e-06 -1.087679999163854876e-06 2.581916199208236264e-08 -2.471640404465760937e-08 3.385625937678129766e-03 -8.898994113852224221e-05 1.306083965332775342e-04 -9.267358462163013055e-05 -7.123058842075554180e-05 3.204986849742772837e-04 6.765686184873683125e-04 4.316114507978485791e-04 7.196272039098532136e-02 4.461418748344844754e-02 1.476702869542144414e-02 -1.800517821086224449e-02 1.054556444636168124e-06 -8.759684233115344548e-07 -1.551787694051757472e-06 -5.360473640789594643e-07 5.069415594267696759e-04 -2.453419176462388299e-04 2.241097546037309877e-04 7.164901164066131282e-05 1.758452678411639219e-05 4.934593246017596904e-07 -6.690263806542416709e-09 -1.374630381198927091e-06 -8.565119134561326310e-07
1.135137011657078573e-05 4.999187797616809584e-05 -2.598740504524133508e-04 1.055056944864129200e-06 1.064405485296357663e-05 3.273949957943251480e-04 2.449827937585207513e-04 1.285091989462541502e-04 1.569000706361306510e-05 2.149867983217276507e-07 2.638370722962902507e-07 -3.224906559423612614e-06 7.022051430563635655e-05 5.835877021756432950e-08 -4.986669307049783473e-08 6.436657290164799633e-08 2.516208707896332511e-03 -6.371498737499268702e-05 3.881140271222996907e-04 -2.597491451530313414e-04 -3.368155737579665865e-05 4.674663725134925321e-05 -3.960777967857376995e-04 -1.565331843304486022e-03 -2.369303348437593743e-02 -1.197455173186018178e-02 -9.856172540907951092e-04 -2.751675066655082363e-03 -2.838916934990029746e-07 8.941962295571989512e-08 4.388436220009277002e-07 -1.749370145662777073e-07 -8.383969309959108849e-05 -3.717717236821804945e-04 -2.418381678697455542e-04 1.082343825876849156e-04 -1.239884632319388774e-05 -1.702090281287401221e-07 4.982946590672999142e-08 -3.946218466902954780e-07 5.694430820660397761e-07
-4.734276999616676228e-06 5.768399048096468210e-06 2.420214391245660408e-05 -1.955655145077947354e-06 4.406255971187542955e-07 5.710613420590504770e-06 1.485951206849633075e-05 6.965421851724108147e-06 -3.475208266379773903e-06 -5.512733497518657892e-08 3.485465469394535311e-08 -1.087679999163854876e-06 5.835877021756432950e-08 5.237973792681891469e-06 -8.072267892810402991e-09 -7.674023368779633410e-09 -2.610988410505704150e-04 2.516210453655294096e-05 9.524402357759627406e-06 -7.207048215568552948e-06 -6.122528128691259146e-06 1.385647455485707524e-04 1.406668214065683715e-04 9.280110165156212976e-04 4.899859342995152578e-03 8.144521148221415012e-04 2.514774750874966373e-03 8.003103206361765476e-03 3.630590551380278797e-08 9.270493427110645468e-08 -9.859190062783795462e-08 -2.241001216763281645e-07 -3.021936883647238087e-05 3.211142871219591587e-05 4.795938034500062472e-05 6.530090673655452118e-05 2.085867078564910854e-05 1.360958995743062392e-07 -9.241935852862462353e-08 -1.079190558930400607e-07 6.077740377539110733e-08
2.727670759871844521e-07 9.012708149049610651e-07 -5.500578677020836749e-07 -4.067851974388977706e-08 7.311316642842680264e-07 2.948694793904642508e-06 -2.819715485862192329e-06 1.096129317767694382e-07 1.395489173785410535e-07 3.200330875380299306e-09 7.790108363184527310e-09 2.581916199208236264e-08 -4.986669307049783473e-08 -8.072267892810396373e-09 4.424944182580328371e-07 1.053039627148108682e-08 -9.095456607703008818e-04 -2.280111261139880790e-07 5.586300872525391473e-05 -1.096213528955190537e-04 1.030399742903236174e-04 -1.203856457358720207e-04 -7.886928244146114919e-05 3.072801342272368818e-05 1.296001432964655892e-02 -7.733740762138494040e-03 -3.728848324649469085e-03 2.938248187096557072e-03 2.247804004989898623e-08 -7.950918481742060913e-09 3.894592650192314350e-08 -5.484233365547432462e-09 2.900287423759927687e-06 -5.267221029274285460e-06 -4.089190662350815600e-06 -5.385902714188288719e-07 -6.170588930999748882e-06 7.082575053801081686e-09 5.755565465507304504e-08 5.785471341445328933e-08 5.718772267389122675e-08
-1.419248581543116514e-07 -1.475053588609431162e-06 -5.482290780360055940e-07 -3.298118792162346455e-09 3.872287334063728084e-07 -2.664948265676929412e-06 -3.910024219721614175e-06 3.991428597803320085e-08 4.511251324998236076e-08 -5.481349793606149709e-09 5.128202159233835785e-09 -2.471640404465760937e-08 6.436657290164799633e-08 -7.674023368779625138e-09 1.053039627148108682e-08 4.107191420302791239e-07 1.489690850397833860e-03 -1.785096942467047179e-06 8.610630960722421542e-06 -1.435408349115066923e-05 2.264938044062252319e-05 -4.695279616338048995e-05 1.886834301081322519e-04 3.400930501943004013e-04 -1.485453537641273484e-04 -9.622302383880081264e-04 1.785728861553089603e-03 7.123101572789360385e-04 1.993377088582841728e-08 -2.668218977775959611e-08 -2.060403303257262155e-09 3.720715415534084606e-08 -2.864039312057426618e-06 1.220190694244668960e-05 2.089474473779640579e-05 -6.938608615364010249e-06 -2.125522511231651064e-06 7.894706641221797723e-09 -2.415771431070631803e-08 3.968528873513767823e-08 -1.686881494966589194e-08
1.277475514534901456e-02 4.530575275424472692e-02 -1.860646023411589578e-01 4.378135543716751973e-04 2.267482640604847818e-02 1.145871040282117198e-01 -7.162888813870308402e-01 5.585742068828045137e-03 7.696140446459682344e-03 -1.618984036085262127e-04 1.873791805153952981e-04 3.385625937678129766e-03 2.516208707896332511e-03 -2.610988410505701981e-04 -9.095456607703008818e-04 1.489690850397833860e-03 3.478875174482800503e+02 -1.819966206467258374e-01 2.815772964423156388e+00 -3.331087892594970956e+00 3.878243444117178695e-01 1.951942288718813145e-01 -3.153089457128261230e+01 -1.055414333379148815e+02 2.152832562878561760e+02 3.245534265456752223e+02 5.536663116862737297e+02 -1.209868523656175284e+03 -1.302237424171867478e-03 -1.091057093973484037e-03 1.457935725595183973e-04 8.037103497916168017e-04 1.400377749439211672e-01 1.987956235961560736e-01 -2.178988993140216768e-01 8.361621337140758836e-01 6.167732268697388547e-03 -1.194206271038837381e-03 1.083065897017064820e-03 -3.493137175375085981e-04 -6.554768310707444461e-04
-3.944273342913354272e-04 -4.184977727586286674e-04 -1.607436124860411219e-05 6.550941274970664014e-06 -3.107284940942543587e-04 2.750989490715253279e-03 -8.733722021491046109e-03 -2.146881460357658521e-04 -1.037882873660153453e-04 -1.139396156681193509e-06 -1.622227974172938026e-06 -8.898994113852224221e-05 -6.371498737499268702e-05 2.516210453655295790e-05 -2.280111261139880790e-07 -1.785096942467047179e-06 -1.819966206467258374e-01 8.047642402486009094e-02 2.455474271198946571e-03 8.342663138150133856e-03 -1.427834232731059819e-02 -2.342943056456482827e-03 6.230283465328361608e-02 8.200283818907017075e-02 -1.709359064810339612e+00 1.442784233532491689e-01 1.352811758942380482e+00 -5.328332534782711516e-01 2.724727242531705631e-07 2.055803147553272980e-05 1.902517187068510841e-05 1.425085738553257419e-06 -3.071312310391209784e-04 3.065750672383199364e-03 -1.290789580080978563e-02 5.046366522618952501e-03 -1.144169731330793452e-03 -1.085901965672998471e-05 -2.031536614922494087e-05 1.866988002880287854e-05 1.992303220189435319e-06
1.386690096357401543e-03 2.763234297120361563e-03 -3.910658607836505624e-02 8.269259419239533330e-06 2.001326381303984367e-03 -1.201334602600770927e-02 6.305425428228850215e-02 3.994009931272076461e-04 6.175837650075012477e-04 -1.300425920382129678e-06 -3.622858279994991849e-06 1.306083965332775342e-04 3.881140271222996907e-04 9.524402357759627406e-06 5.586300872525391473e-05 8.610630960722421542e-06 2.815772964423156388e+00 2.455474271198946571e-03 4.458060692509785206e+00 -3.419136087653248168e+00 -2.023017048518810923e-01 1.173350188668687843e-01 8.070714662231363024e-01 7.380581644479745629e-01 -2.813844081554314869e+01 9.347322564786045618e+00 3.350167986349482874e+01 -7.196054794887190020e+00 -1.345313652878537473e-04 -5.731680022430653509e-05 1.952382475602235719e-04 1.182625593091758920e-04 -1.136448936947314324e-02 2.142142226258145904e-02 8.718142981511979583e-02 2.194716714408068703e-01 -1.722859912638850799e-02 2.537315524038971344e-04 7.598410153660069743e-05 1.973411579272717307e-04 9.773679507864349439e-05
-1.232087315733602223e-03 -4.427434584875663583e-03 -4.250668761852681617e-03 6.231630121747437536e-05 -3.030186509292016363e-03 -2.575627212862661650e-02 2.784228825083720840e-02 -4.689754398189105141e-04 -6.792845774485455198e-04 -1.837557856339051791e-05 -9.657338248595683221e-06 -9.267358462163013055e-05 -2.597491451530313414e-04 -7.207048215568552948e-06 -1.096213528955190537e-04 -1.435408349115066923e-05 -3.331087892594970956e+00 8.342663138150133856e-03 -3.419136087653248168e+00 6.995424984855544537e+00 2.060938312937010963e-01 -1.046549658472890748e-01 -3.788014096917533546e-01 -1.199773100788346508e-01 1.750901354118618514e+01 -7.864621599674356922e+00 -3.142323410001523953e+01 5.659526825134251204e+00 -6.297940135438299112e-05 -2.515844413265681812e-04 1.639508736264401403e-06 -2.380303239071666010e-04 6.685851298861673724e-03 -4.942967079024500332e-02 -8.530793041347491112e-02 -7.356441853149565946e-02 -3.731700033069884517e-04 -4.048943809267135561e-04 -1.944601636210679257e-04 -2.704013821561692061e-04 -1.232138915613640434e-04
-3.989750125590675904e-04 1.506288307832966307e-03 -1.193582142445447471e-03 -1.087135429453170398e-05 -2.833503652188841364e-03 1.343383602116185113e-02 6.364854965909710373e-03 -5.278420599099726456e-04 5.973923485931453186e-04 -1.326723868544119346e-05 1.246950823720665393e-05 -7.123058842075554180e-05 -3.368155737579665865e-05 -6.122528128691259146e-06 1.030399742903236038e-04 2.264938044062252657e-05 3.878243444117180361e-01 -1.427834232731059819e-02 -2.023017048518810923e-01 2.060938312937010963e-01 3.361643613946922571e+00 4.289902537105979019e-01 2.195805669373518954e-01 1.874563907592839695e-01 -1.981817863586602968e+01 5.878107823047896474e+00 1.723305473860881065e+00 5.945176728776748742e-01 -2.713329093504359991e-05 -1.448390797926051000e-04 6.371032744397215097e-06 -4.086540742351455857e-05 -4.363306957202077105e-03 7.220178576984295250e-03 -3.595464068102761923e-02 7.992033796946957161e-03 3.185983477521647962e-03 -4.428261884595705050e-05 -6.439132174566567391e-05 -1.531223530006494381e-04 1.653060717895077348e-05
1.713022744746712459e-03 2.739355895404854604e-03 2.171621768170714159e-02 7.916683768974133815e-05 6.545902429158553240e-04 -1.301556151557698923e-02 4.935497806650395586e-02 4.540004788461238076e-04 6.079252010748325023e-04 -1.483467782904286788e-05 1.456880241544820085e-05 3.204986849742772837e-04 4.674663725134925321e-05 1.385647455485708337e-04 -1.203856457358720207e-04 -4.695279616338048995e-05 1.951942288718813145e-01 -2.342943056456482827e-03 1.173350188668687843e-01 -1.046549658472890748e-01 4.289902537105979019e-01 3.366582120964795255e+00 2.512747193292417691e+00 2.354984654936257638e+00 1.395871982597477157e+01 -1.920841503840759401e+01 -5.758594298577984105e+00 3.772110288425430724e+00 1.040387716758828842e-04 7.678351298181581186e-05 -4.432734929940311330e-05 -3.761563986065536343e-06 -7.033514093652359564e-03 -3.455933453638473929e-02 -5.736969542750421092e-02 3.871805062479687781e-02 -6.372345515148497390e-03 -3.721769111574608645e-05 -7.689796009741512329e-05 1.322986342653140570e-04 3.306337510407213713e-05
3.217955858215465481e-03 1.176302877857220500e-02 -6.006502588983061997e-02 3.929313287757790177e-04 3.187133995799994960e-03 -6.779613980515999429e-03 7.158334439950347905e-02 2.825392098642439840e-04 1.065409658064831594e-03 8.591254039340734980e-05 3.610357408240996312e-05 6.765686184873683125e-04 -3.960777967857376995e-04 1.406668214065683173e-04 -7.886928244146114919e-05 1.886834301081322519e-04 -3.153089457128261230e+01 6.230283465328361608e-02 8.070714662231363024e-01 -3.788014096917533546e-01 2.195805669373518398e-01 2.512747193292417691e+00 1.797633701088270186e+01 3.244780695244642033e+01 2.501193440582504834e+01 5.308027424246314752e+01 -8.856037262065224525e+01 4.206226746721496568e+01 4.053663411420788273e-04 -3.569538740949143650e-04 -1.897751163486246281e-04 -9.384766033438307793e-05 -9.785187436593038510e-03 1.802046363679495012e-03 2.571004727395034828e-02 1.891449564282369489e-01 -6.327225605055086799e-02 3.437730374450799313e-04 -1.063565265018948667e-04 2.617450618093435815e-04 1.709607153434758637e-04
3.166970807356166151e-03 1.186601722569354846e-02 -4.007258579327731968e-02 1.963937194278950259e-04 -4.303300647847162555e-04 -6.405728235310105545e-02 3.153790200055567872e-01 -8.619722624490473240e-04 4.840556973887467939e-04 1.437375897135646926e-04 -1.041204438066136635e-06 4.316114507978485791e-04 -1.565331843304486022e-03 9.280110165156212976e-04 3.072801342272368818e-05 3.400930501943004013e-04 -1.055414333379148815e+02 8.200283818907017075e-02 7.380581644479745629e-01 -1.199773100788346508e-01 1.874563907592840251e-01 2.354984654936257638e+00 3.244780695244642033e+01 8.609497664635674141e+01 1.765289596224880952e+01 8.405760836884995513e+01 -1.418608484505824379e+02 1.372323411622004130e+02 1.194145147046161894e-03 -8.054236548452733740e-04 -4.351375776920936972e-04 -2.023836954380384178e-04 -3.212322154248048456e-02 1.470489464234685240e-02 2.153452407775908461e-01 -1.012011408163766314e-02 -8.650281116057063902e-02 9.462407506819217823e-04 -2.592188325853138678e-04 6.846484630012370084e-04 2.163869581708840778e-04
3.402492255244600194e-01 7.405435875063681728e-01 1.202864843972297537e+00 5.994173342227420223e-03 1.484623672435965436e-01 1.884930886129318750e-01 3.411218559782369653e-01 2.017284558539992820e-02 6.103195378711822466e-02 -7.452277250623916358e-04 1.743480024767946534e-03 7.196272039098532136e-02 -2.369303348437593743e-02 4.899859342995150843e-03 1.296001432964655892e-02 -1.485453537641273484e-04 2.152832562878561760e+02 -1.709359064810339612e+00 -2.813844081554314869e+01 1.750901354118618514e+01 -1.981817863586602613e+01 1.395871982597477157e+01 2.501193440582504834e+01 1.765289596224880952e+01 9.023757473377918359e+03 3.682063320272740384e+03 1.528516066062245045e+03 -4.137350293797801726e+01 -1.035315937395764330e-02 5.696763866680312240e-04 1.685501716361075117e-03 2.530212354623204499e-03 -2.791770497785772687e-01 -4.147912754270717706e+00 2.521866454220069276e+00 4.021675936329381251e+00 -2.344938005049277130e-01 -3.561974836372479823e-03 7.407893464662092253e-03 -8.995354606035314490e-03 1.168181090000148950e-03
2.100316772299903878e-01 5.498535091525520446e-01 1.006470673971942231e+00 1.028459927596384049e-02 1.003078091565025864e-01 -2.509372070950094957e-01 5.389181079962646059e-01 -4.221418614617034677e-04 4.406338596075597136e-02 -5.724944170011534404e-04 3.377286999168838122e-04 4.461418748344844754e-02 -1.197455173186018178e-02 8.144521148221415012e-04 -7.733740762138494040e-03 -9.622302383880081264e-04 3.245534265456752223e+02 1.442784233532491689e-01 9.347322564786045618e+00 -7.864621599674356922e+00 5.878107823047896474e+00 -1.920841503840759401e+01 5.308027424246314752e+01 8.405760836884995513e+01 3.682063320272740384e+03 7.277328887963842135e+03 3.696086215423972135e+03 -2.183140582815025539e+02 -8.459757939266785917e-03 -4.135494422403450734e-03 1.014887482299757114e-03 7.205369420334023327e-03 -4.114389735589225050e-01 -9.372172178658484398e-01 5.689379416250345933e+00 5.566987688119838573e+00 -4.150745258579257024e-01 -1.874782915189302131e-03 2.309897666910891954e-03 -1.122448438595778294e-02 3.596583870291955674e-03
7.583512144451695636e-02 2.389195856879196000e-01 1.759921409511425505e+00 -1.509947940086812847e-04 1.826393539763699475e-02 -4.716322386686573331e-01 1.039226512288380366e+00 2.551217131124369764e-03 2.301958064773497112e-02 -2.888191416958478617e-03 -9.505808935722449751e-05 1.476702869542144414e-02 -9.856172540907951092e-04 2.514774750874966373e-03 -3.728848324649469085e-03 1.785728861553089603e-03 5.536663116862737297e+02 1.352811758942380482e+00 3.350167986349482874e+01 -3.142323410001523953e+01 1.723305473860881065e+00 -5.758594298577984105e+00 -8.856037262065224525e+01 -1.418608484505824379e+02 1.528516066062245045e+03 3.696086215423972135e+03 6.409581328488067811e+03 2.414446841620156192e+03 -1.296021791822937926e-02 5.516820112068693271e-03 -1.319114371303726618e-03 6.846737145986045610e-03 1.310797183177229153e-01 6.232806775176270575e-01 1.883811746274503651e+00 3.689721552594401821e+00 9.241466209434720525e-02 -3.701397073361829132e-03 -2.036089247256266718e-04 -4.794116304306023264e-03 -1.921646376523360612e-03
-8.788663580470729153e-02 -1.958649231510081190e-01 2.296388320864085397e+00 -3.645526239816291019e-03 -1.223432804325875478e-01 -1.072905163754307667e+00 4.494825851061390765e+00 -1.077985089784197926e-03 -4.024780604314479732e-02 -1.880563975047147215e-03 -6.732114534865970721e-04 -1.800517821086224449e-02 -2.751675066655082363e-03 8.003103206361765476e-03 2.938248187096557072e-03 7.123101572789358217e-04 -1.209868523656175512e+03 -5.328332534782707075e-01 -7.196054794887190020e+00 5.659526825134251204e+00 5.945176728776748742e-01 3.772110288425433389e+00 4.206226746721496568e+01 1.372323411622004130e+02 -4.137350293797806700e+01 -2.183140582815025539e+02 2.414446841620156192e+03 1.209886492331957379e+04 -1.199657009562312034e-02 1.571639820383104874e-02 -4.218708081603666366e-03 2.335116181142345843e-03 -7.289426208229267123e-01 -1.562502908527283019e+00 -8.943522638975390793e-01 -2.233849210271620755e+00 2.948203091534037923e-01 -1.746959534116186577e-03 -1.224009088533528113e-02 -8.477755158078003825e-03 -8.767900133615037566e-04
1.418034828507318462e-06 2.121625189112709531e-05 -1.797464193048872217e-04 6.857835779995345814e-08 -1.579077305961700238e-06 -7.570438913304832328e-07 -1.036984192436060133e-04 2.945897329262711485e-06 4.049989016626120873e-07 -3.547586614376253112e-08 6.435110323776518708e-08 1.054556444636168124e-06 -2.838916934990029746e-07 3.630590551380277474e-08 2.247804004989898623e-08 1.993377088582841728e-08 -1.302237424171867478e-03 2.724727242531705631e-07 -1.345313652878537473e-04 -6.297940135438299112e-05 -2.713329093504361346e-05 1.040387716758828842e-04 4.053663411420788273e-04 1.194145147046161894e-03 -1.035315937395764330e-02 -8.459757939266785917e-03 -1.296021791822937926e-02 -1.199657009562312207e-02 2.434929136427916297e-05 -2.383994259404010145e-07 -1.402208056220212416e-07 1.312271967120809423e-07 2.169413515760300706e-04 -9.092626982158602197e-04 -1.751752930687633652e-04 3.753270649535167471e-05 -3.489298987677813150e-05 -1.119818697912423192e-07 -8.831714438342534765e-08 9.610517386975045513e-08 -8.703219479465998396e-08
-3.041907292546173438e-06 -9.053489187892479299e-06 6.554631152897182619e-06 2.853946310209455569e-08 -3.300899820405594745e-06 -9.740146915780849356e-06 5.508609041895766131e-05 -1.553914602546313262e-06 -7.330949375456360433e-07 -9.673301751931304006e-10 -1.184295073685083813e-08 -8.759684233115344548e-07 8.941962295571989512e-08 9.270493427110649438e-08 -7.950918481742060913e-09 -2.668218977775959611e-08 -1.091057093973484037e-03 2.055803147553272980e-05 -5.731680022430653509e-05 -2.515844413265681812e-04 -1.448390797926050457e-04 7.678351298181581186e-05 -3.569538740949143650e-04 -8.054236548452733740e-04 5.696763866680312240e-04 -4.135494422403450734e-03 5.516820112068693271e-03 1.571639820383104180e-02 -2.383994259404010145e-07 2.382091630606084209e-05 6.712698072756989437e-07 2.573534968472487166e-07 1.333070852353548149e-04 1.845131307065193927e-04 -8.454844842447192994e-05 -1.606449770262565998e-04 7.225337027417757332e-06 -3.071983618784204231e-07 -3.474845121391676399e-08 4.644979701274474410e-07 -2.287840158404462277e-07
-2.930897345939271206e-06 -1.355891523873148697e-05 9.749543260356387979e-05 2.556222389282754513e-07 5.381138740121341233e-06 5.751546382313782994e-05 -7.951338727621426721e-05 -3.032174509241455765e-06 3.715945056716837244e-07 1.188542081794482711e-07 2.929076366292266449e-08 -1.551787694051757472e-06 4.388436220009277002e-07 -9.859190062783807373e-08 3.894592650192314350e-08 -2.060403303257262155e-09 1.457935725595183973e-04 1.902517187068510841e-05 1.952382475602235719e-04 1.639508736264401403e-06 6.371032744397202391e-06 -4.432734929940311330e-05 -1.897751163486246281e-04 -4.351375776920936972e-04 1.685501716361075117e-03 1.014887482299757114e-03 -1.319114371303726618e-03 -4.218708081603662029e-03 -1.402208056220212416e-07 6.712698072756989437e-07 2.443058169807724414e-05 -2.709702473665127906e-07 -2.180091324257993159e-05 1.822926015666386749e-04 -2.020421471383869114e-04 2.037489606541208014e-04 5.341472435973918312e-05 5.221257021547243095e-08 -1.294074600712970823e-07 -7.268926278599869592e-07 2.870663222601710811e-07
-5.826341232900841649e-07 -5.925057844203489712e-06 -4.034815781019081392e-06 2.491934473944437422e-07 1.490823781736895750e-06 8.517207634420930558e-05 -2.207295737203057945e-04 -2.088549342181766117e-06 4.549341580377610530e-07 8.638323265182842869e-08 -1.262274829462366759e-08 -5.360473640789594643e-07 -1.749370145662777073e-07 -2.241001216763282704e-07 -5.484233365547432462e-09 3.720715415534084606e-08 8.037103497916168017e-04 1.425085738553257419e-06 1.182625593091758920e-04 -2.380303239071666010e-04 -4.086540742351456535e-05 -3.761563986065536343e-06 -9.384766033438307793e-05 -2.023836954380384178e-04 2.530212354623204499e-03 7.205369420334023327e-03 6.846737145986045610e-03 2.335116181142347144e-03 1.312271967120809423e-07 2.573534968472487166e-07 -2.709702473665127906e-07 2.445894121812179482e-05 -1.028259905008978737e-04 -2.119176678555170074e-04 -1.896892872833198741e-04 1.371079014206141237e-04 -7.355068324781398030e-06 -1.076176842010741964e-07 -1.355169491340808971e-08 -5.006219816511649211e-08 -4.456458311080247998e-07
1.003275955085702453e-03 5.078952034724335679e-03 -1.467130059873709112e-02 -5.530346298440044707e-05 -1.316926853226433030e-03 -5.934790900775671618e-03 -1.633894124714027618e-02 9.895933295252057164e-04 8.791029673705852616e-05 -1.736540315992609492e-05 7.215710213950077784e-06 5.069415594267696759e-04 -8.383969309959108849e-05 -3.021936883647238087e-05 2.900287423759927687e-06 -2.864039312057426618e-06 1.400377749439211672e-01 -3.071312310391209784e-04 -1.136448936947314324e-02 6.685851298861673724e-03 -4.363306957202077105e-03 -7.033514093652359564e-03 -9.785187436593038510e-03 -3.212322154248048456e-02 -2.791770497785772687e-01 -4.114389735589225050e-01 1.310797183177229153e-01 -7.289426208229267123e-01 2.169413515760300706e-04 1.333070852353548149e-04 -2.180091324257993159e-05 -1.028259905008978737e-04 2.862570593493596327e-01 6.180487511029948422e-01 1.050124237212981572e-02 -3.680186906028708183e-02 8.834784804431550925e-03 6.343008330694148520e-05 2.897167326383220145e-05 -5.905690779441282058e-05 2.042671630054267439e-05
-1.560801336043770833e-03 -5.373503107799238246e-03 -2.013940962295982656e-02 1.113541620661130844e-04 -3.405924111106295449e-03 -3.387429914923991564e-03 1.253485561159795860e-03 -9.634505766647961282e-04 -8.687005445889740959e-04 1.508218128496622114e-06 -1.983806969600314846e-05 -2.453419176462388299e-04 -3.717717236821804945e-04 3.211142871219591587e-05 -5.267221029274285460e-06 1.220190694244668960e-05 1.987956235961560736e-01 3.065750672383199364e-03 2.142142226258145904e-02 -4.942967079024500332e-02 7.220178576984295250e-03 -3.455933453638473929e-02 1.802046363679495012e-03 1.470489464234685240e-02 -4.147912754270717706e+00 -9.372172178658484398e-01 6.232806775176270575e-01 -1.562502908527283019e+00 -9.092626982158602197e-04 1.845131307065193927e-04 1.822926015666386749e-04 -2.119176678555170074e-04 6.180487511029948422e-01 4.318416159026165602e+00 8.442586592961434655e-02 -7.605994326198975419e-02 3.467722046457523410e-02 -1.337969102956219393e-05 3.988492380046534366e-05 -1.300247574935224843e-04 1.608473484556523399e-04
6.453452250234885260e-04 2.192529633781936573e-03 -1.058938989672751456e-02 7.432675700565815204e-07 4.995234609037608846e-04 -2.598468158089821400e-02 7.244041994624168812e-02 1.315344370754254109e-05 -2.469797266066685044e-05 2.786898749830910146e-05 -2.388175603369321584e-06 2.241097546037309877e-04 -2.418381678697455542e-04 4.795938034500062472e-05 -4.089190662350807976e-06 2.089474473779640579e-05 -2.178988993140218433e-01 -1.290789580080979083e-02 8.718142981511979583e-02 -8.530793041347491112e-02 -3.595464068102761923e-02 -5.736969542750421092e-02 2.571004727395035869e-02 2.153452407775906796e-01 2.521866454220071940e+00 5.689379416250345933e+00 1.883811746274503651e+00 -8.943522638975390793e-01 -1.751752930687636091e-04 -8.454844842447192994e-05 -2.020421471383869114e-04 -1.896892872833198199e-04 1.050124237212981572e-02 8.442586592961434655e-02 8.425542986015924996e+00 1.935310432821707796e-02 -3.328974028682397251e-02 -1.218462199404829797e-04 2.259765557448129003e-04 -6.779801147293401610e-05 -8.522771786913150530e-05
6.341910754159690291e-04 2.297712629977735274e-03 -3.526368856193583950e-02 9.018830389937907517e-05 7.626274272642330964e-04 -3.773904799545137797e-03 2.177667905779945984e-02 2.342191731634001516e-04 1.155599135643261569e-05 -2.824987125189324912e-05 6.917103870385356504e-08 7.164901164066131282e-05 1.082343825876849156e-04 6.530090673655448053e-05 -5.385902714188288719e-07 -6.938608615364010249e-06 8.361621337140758836e-01 5.046366522618952501e-03 2.194716714408068703e-01 -7.356441853149565946e-02 7.992033796946969304e-03 3.871805062479687781e-02 1.891449564282369489e-01 -1.012011408163766314e-02 4.021675936329381251e+00 5.566987688119838573e+00 3.689721552594401821e+00 -2.233849210271624308e+00 3.753270649535167471e-05 -1.606449770262565998e-04 2.037489606541208014e-04 1.371079014206141237e-04 -3.680186906028708183e-02 -7.605994326198975419e-02 1.935310432821709878e-02 8.322539394759377984e+00 -3.403290697933607396e-03 2.586549633319808636e-05 7.260901211742816367e-05 6.433495544476982122e-05 -2.715978297719976895e-04
8.709502834163514238e-05 1.305086463051109290e-04 8.422834225564398026e-04 7.175395178341898101e-06 -3.105497435391015157e-04 -1.409689940426412194e-04 2.300061612409573086e-03 5.027971905487249284e-05 -4.877193961984095671e-06 -2.231510060645734093e-06 -2.292906163079677121e-06 1.758452678411639219e-05 -1.239884632319388774e-05 2.085867078564911193e-05 -6.170588930999748882e-06 -2.125522511231651064e-06 6.167732268697388547e-03 -1.144169731330793452e-03 -1.722859912638850799e-02 -3.731700033069884517e-04 3.185983477521649263e-03 -6.372345515148497390e-03 -6.327225605055086799e-02 -8.650281116057063902e-02 -2.344938005049277130e-01 -4.150745258579257024e-01 9.241466209434720525e-02 2.948203091534039033e-01 -3.489298987677813150e-05 7.225337027417757332e-06 5.341472435973918312e-05 -7.355068324781398030e-06 8.834784804431550925e-03 3.467722046457523410e-02 -3.328974028682397945e-02 -3.403290697933607396e-03 3.323094767099715185e-01 1.088157973767721958e-05 1.834582304787194676e-05 3.488147500679737804e-05 1.086222558993221939e-05
