# fde_zc log10zc theta_i yp2 w0 w1 w2 logA ns theta_MC_100 omegabh2 omegach2 tau A_planck calib_100T calib_217T A_cib_217 xi_sz_cib A_sz ksz_norm gal545_A_100 gal545_A_143 gal545_A_143_217 gal545_A_217 ps_A_100_100 ps_A_143_143 ps_A_143_217 ps_A_217_217
1.472285036991255751e-04 2.815235024811527098e-04 9.687324952704538068e-05 3.759876143653495825e-06 7.138891334133911151e-05 -2.590054151693563906e-04 1.740235800759603940e-03 -5.549421476768630041e-06 4.444192018350985361e-07 7.838246394590256102e-07 -2.226530804185437665e-06 1.689526726334853054e-05 -4.500453257770238080e-06 3.675488524467482233e-06 8.355383145112664943e-07 -1.723273765838938061e-09 2.029300826588030862e-02 -8.037409452729481858e-05 1.039640996712596992e-04 5.228313696642339792e-04 1.329830031512351483e-03 7.229486725638400307e-03 6.198899480863230213e-03 -1.092495506120178678e-02 2.105838568466552319e-01 1.979457933509393142e-02 -1.833931172983296540e-02 1.072718332792961526e-01
2.815235024811527098e-04 5.272518508221054993e-03 -6.206687925202991705e-04 -3.079636803585935793e-05 8.103592091361931432e-04 -5.325736282227658529e-04 5.024404049214455104e-03 1.275989773582221864e-06 2.264953343677424772e-05 -2.890188644203768359e-06 -4.738313264975785195e-06 5.887141413528049102e-05 -8.898221808079965784e-05 2.856741551667733267e-05 8.305641874749684092e-06 -3.572021784393899641e-06 -1.642650083713718262e-02 1.456760964208637498e-03 -4.561686157641142020e-03 3.841453930322422106e-02 2.973417627046977610e-02 -9.987556195814148614e-04 -1.195389433199688795e-02 -5.630699819765219716e-02 -3.515777569474928810e-01 -2.498929401735551156e-02 -1.834121357187175061e-01 3.232222136079907493e-01
9.687324952704538068e-05 -6.206687925202991705e-04 6.961472032410983418e-03 2.705728439041897175e-05 -8.674492344988262360e-04 -2.564054285725410852e-04 4.801074981961219595e-03 2.372266272357702286e-05 1.407691775967698092e-06 -6.325941043409471592e-07 -1.072262596518348735e-06 1.054766396760287410e-05 1.765798112664331528e-05 -1.214762732551411880e-05 -7.611059014933064010e-06 5.587917813485145353e-06 3.026831993415088698e-02 -7.952118329474069979e-05 1.606065635620819443e-02 -1.406924859126281249e-02 -3.509531275684756903e-03 2.336293253502593273e-02 3.688145737907371630e-02 1.819466393402282070e-02 -5.327212451606639920e-01 1.394260387791428080e-01 -1.263010330075469423e-01 2.425937917099593166e-01
3.759876143653495825e-06 -3.079636803585935793e-05 2.705728439041897175e-05 2.280570734410265911e-05 -3.902722655675702198e-05 -7.003259561474769091e-05 3.677295663358298109e-04 -1.252371174413671946e-06 -1.680753894731852669e-06 1.384209799142211052e-07 3.867190644597903989e-08 1.382969794426368059e-06 -2.379920128391467877e-08 -1.507421351995857707e-06 -2.397860922034098968e-07 -1.485560963041297219e-07 -8.976216972109190206e-05 -2.822749792761276242e-05 1.709274691572996129e-03 -1.674099508773915865e-03 -9.100023581577542471e-04 5.738759682672270481e-05 2.477265703827443246e-04 -1.034581405051838337e-03 -3.162974316322662849e-02 4.558383503643272106e-03 -1.285454262813937390e-03 5.533750906438871919e-04
7.138891334133909796e-05 8.103592091361931432e-04 -8.674492344988262360e-04 -3.902722655675702198e-05 1.810849134911299155e-03 -1.166483706765633057e-03 -1.464260577407092839e-03 1.854280510288793175e-05 4.018041037354253745e-06 -1.196522485820009458e-06 -5.203670924439848988e-07 -3.441149716698808430e-06 4.497538784363235476e-06 1.927048479258983423e-05 4.219967627260868177e-06 -2.439521327527046842e-06 -5.636178988339646950e-02 1.912428440347245951e-04 -8.982420233570523674e-03 1.909598974263869084e-02 9.777288756550305340e-03 -6.273772382892462904e-03 -8.537234401809520867e-03 2.358856378207252122e-02 4.050574732018548396e-02 2.445667895674568867e-02 7.676249705783592947e-02 3.661165524873817578e-02
-2.590054151693563906e-04 -5.325736282227658529e-04 -2.564054285725414647e-04 -7.003259561474769091e-05 -1.166483706765633057e-03 1.401885911953462162e-02 -8.391371331944480483e-03 -2.851769250391838039e-05 2.090912607959747216e-05 5.706416352570438715e-06 8.021421751142786670e-06 -7.654477212030661988e-05 5.917146847492110072e-05 -2.609990857528151400e-05 -4.868731241621242555e-06 7.195821261393045878e-06 2.524445592568896890e-01 2.417765226307939073e-03 6.695109753149929011e-02 -8.501688940737581190e-02 -1.277235694728025631e-02 3.935701095100566094e-02 7.944012903774926027e-02 6.296694905780931412e-03 4.245527990674820007e-01 -7.408267260313982083e-01 -2.077968426118967094e-01 -1.053393875338827890e+00
1.740235800759603940e-03 5.024404049214455104e-03 4.801074981961219595e-03 3.677295663358298109e-04 -1.464260577407092839e-03 -8.391371331944480483e-03 5.168958453803857572e-02 -9.280624549498353245e-05 5.616693690409486439e-05 -5.179914234321188878e-06 -3.070551236715988070e-05 2.803053353337222231e-04 -1.136993549238231300e-04 -1.010513323568779795e-05 -3.127587106433012931e-06 1.233415328367715588e-05 2.997430403068014892e-01 -2.244634674871169057e-03 -5.079031067489563761e-03 -1.697486115736583992e-02 5.401516314056811763e-02 3.389308489371543887e-02 -2.831446680866821566e-02 -4.404074405179544405e-01 -1.652573197450307507e+00 5.515998830756838611e-01 -9.672956379402842808e-01 2.546154392173009207e+00
-5.549421476768630041e-06 1.275989773582221864e-06 2.372266272357701609e-05 -1.252371174413671946e-06 1.854280510288793175e-05 -2.851769250391838039e-05 -9.280624549498353245e-05 1.122768683266478933e-05 -1.496758700806937703e-06 2.143119733652078124e-07 4.022267274674119260e-08 -6.679482477866635221e-07 3.160656529030528168e-06 1.706839282367547599e-06 2.392914631474759871e-07 -1.671516974819894868e-07 -1.001779077725821823e-02 1.248155097419318413e-04 -1.582904332851509371e-03 2.719719871927262812e-03 7.550340349197106184e-05 -5.145078163594663401e-04 2.707624279290624103e-03 1.066853328469251350e-02 -8.888325753519880912e-03 1.641702990312264923e-02 1.145956324225223984e-03 -1.314085727590792035e-02
4.444192018350985361e-07 2.264953343677424772e-05 1.407691775967698092e-06 -1.680753894731852669e-06 4.018041037354253745e-06 2.090912607959747216e-05 5.616693690409486439e-05 -1.496758700806937703e-06 3.152823478297805721e-06 -3.853942475318574263e-07 8.422729377483280299e-09 -5.242837710123582120e-07 3.499784092142548799e-07 -3.839537216432603703e-07 -9.547072132267472844e-08 1.244112675293557059e-07 -2.293186610507540689e-04 -4.208139101964551503e-05 -1.394388365844248924e-04 2.014787138160549550e-04 3.324036748849022445e-04 -9.733576703032154379e-05 -2.236441215177605642e-04 -1.165112573455020931e-03 -2.362756152418608521e-02 3.695620084251029485e-03 -4.785672949513310355e-03 1.125150225446467853e-02
7.838246394590256102e-07 -2.890188644203768359e-06 -6.325941043409471592e-07 1.384209799142211052e-07 -1.196522485820009458e-06 5.706416352570438715e-06 -5.179914234321188878e-06 2.143119733652078124e-07 -3.853942475318574263e-07 1.978234596437822909e-07 -1.108061431690237990e-08 2.315537216055136028e-07 -2.449096704131311695e-07 1.168505393250058542e-07 3.236960958502190247e-08 -2.782798918414091872e-08 8.445742150355526863e-04 1.497285955195880970e-05 1.732960165362994859e-04 -1.480965536135112753e-04 -1.630453349811814738e-04 1.490144688366029429e-04 8.124849683990318175e-05 -2.506270464052382245e-04 1.026599976751107687e-02 -2.231276016198100506e-03 -2.339655102147279568e-04 -2.334129646695488718e-03
-2.226530804185437665e-06 -4.738313264975785195e-06 -1.072262596518348735e-06 3.867190644597903989e-08 -5.203670924439848988e-07 8.021421751142786670e-06 -3.070551236715988070e-05 4.022267274674119260e-08 8.422729377483280299e-09 -1.108061431690237990e-08 5.690421857903057251e-08 -3.143706592899437026e-07 9.605498850680439449e-08 -7.810560255542419676e-08 -1.257108889798502848e-08 8.364539388649688570e-09 -4.104024066043850680e-04 1.250852301749394867e-06 6.481763952519370648e-05 -7.713941081991352330e-05 -3.539969703087391490e-05 -1.521656317230087334e-04 -1.263543139787953187e-04 1.695062180646220639e-04 -4.948372251833228243e-03 -5.708847064273729968e-04 1.195641222358296489e-04 -2.127092674803158362e-03
1.689526726334853054e-05 5.887141413528049102e-05 1.054766396760287410e-05 1.382969794426368059e-06 -3.441149716698808430e-06 -7.654477212030661988e-05 2.803053353337222231e-04 -6.679482477866635221e-07 -5.242837710123582120e-07 2.315537216055136028e-07 -3.143706592899437026e-07 3.532906365902589618e-06 -2.949856063441613635e-06 4.745025447278392493e-07 8.409261239561513496e-08 -3.719199142235658796e-08 2.804812424007022045e-03 -2.990776507099697292e-06 -1.923078260472755785e-05 4.659104441339404976e-04 2.209310269126100827e-04 7.250971056023584145e-04 3.362359456396023173e-04 -2.276152390292361400e-03 3.168432049147844320e-02 2.630024633931455844e-03 -2.473157950764105599e-03 1.663346187679201962e-02
-4.500453257770238080e-06 -8.898221808079965784e-05 1.765798112664331528e-05 -2.379920128391467877e-08 4.497538784363235476e-06 5.917146847492112783e-05 -1.136993549238231435e-04 3.160656529030528168e-06 3.499784092142548799e-07 -2.449096704131311695e-07 9.605498850680439449e-08 -2.949856063441613635e-06 7.902415652991556628e-06 -1.303557937659547169e-06 -1.338685979780286172e-07 1.210362088805489155e-07 -1.473087421687185481e-03 -8.822215584993576372e-05 -7.187422536868651049e-04 -1.864553349634516456e-04 -1.474586801200643759e-04 4.430295941959190337e-04 1.517286667721673811e-03 4.289228468187727267e-03 1.516456794535970230e-02 9.026297193608348937e-03 7.501008725201433391e-04 -7.752518845381440107e-03
3.675488524467482233e-06 2.856741551667733267e-05 -1.214762732551411880e-05 -1.507421351995857707e-06 1.927048479258983423e-05 -2.609990857528151400e-05 -1.010513323568779795e-05 1.706839282367547599e-06 -3.839537216432603703e-07 1.168505393250058542e-07 -7.810560255542419676e-08 4.745025447278392493e-07 -1.303557937659547169e-06 2.244714465082551551e-06 1.398195249058079657e-07 -1.364401298737961850e-07 -3.297605390225647696e-03 1.071717728125051191e-04 -1.289819580284899442e-04 9.190065962401954437e-04 2.902213418549882311e-04 3.056727018486512284e-05 6.113163677668554752e-04 2.758487326785785503e-03 -8.431404313043578888e-03 -5.371392377205130419e-04 1.814704295501784817e-03 -2.963411713010552073e-03
8.355383145112662825e-07 8.305641874749684092e-06 -7.611059014933064857e-06 -2.397860922034098968e-07 4.219967627260868177e-06 -4.868731241621242555e-06 -3.127587106433012931e-06 2.392914631474759871e-07 -9.547072132267472844e-08 3.236960958502190247e-08 -1.257108889798502848e-08 8.409261239561513496e-08 -1.338685979780286172e-07 1.398195249058079657e-07 3.694868236843440420e-07 -3.718166266416390712e-08 -8.878949548200142257e-05 1.614705392274514789e-05 5.063615583867490559e-05 1.846134510962369455e-04 -5.450313365710610062e-06 -9.105831014473313222e-05 -4.530088180605204985e-05 -9.505099937428782583e-05 8.102984260767281607e-03 -1.970244479689415532e-04 -2.510049217825220951e-04 -5.236746379938354021e-04
-1.723273765838896288e-09 -3.572021784393899641e-06 5.587917813485145353e-06 -1.485560963041297219e-07 -2.439521327527046842e-06 7.195821261393045878e-06 1.233415328367715588e-05 -1.671516974819894868e-07 1.244112675293557059e-07 -2.782798918414091872e-08 8.364539388649688570e-09 -3.719199142235658796e-08 1.210362088805489155e-07 -1.364401298737961850e-07 -3.718166266416390712e-08 3.078414938790849372e-07 4.814584344771347547e-04 -1.131460759417297797e-05 3.732347989412481315e-05 -3.173052150790595821e-04 1.023835442687232424e-04 2.975734215058810800e-05 8.083541565754972841e-05 1.378096520686698876e-04 9.795317425759409065e-04 -7.458872712139518867e-04 -7.182883036605375564e-04 2.471677964690408534e-04
2.029300826588030862e-02 -1.642650083713718262e-02 3.026831993415089739e-02 -8.976216972109190206e-05 -5.636178988339646950e-02 2.524445592568896890e-01 2.997430403068014892e-01 -1.001779077725821823e-02 -2.293186610507547737e-04 8.445742150355526863e-04 -4.104024066043850680e-04 2.804812424007022045e-03 -1.473087421687185481e-03 -3.297605390225647262e-03 -8.878949548200142257e-05 4.814584344771347547e-04 4.644002073872732694e+01 -1.089146570874624867e-02 2.641851727612209988e+00 -5.993896666296961939e+00 -8.517711624376125279e-01 3.912910382554404709e+00 -2.611818727582308597e+00 -2.959192471212572428e+01 1.640938826847700511e+02 -5.586481232725352442e+01 -1.928717517172904294e+01 2.813600622596430512e+00
-8.037409452729479147e-05 1.456760964208637498e-03 -7.952118329474087597e-05 -2.822749792761272176e-05 1.912428440347245409e-04 2.417765226307939073e-03 -2.244634674871168623e-03 1.248155097419318413e-04 -4.208139101964550826e-05 1.497285955195881139e-05 1.250852301749396137e-06 -2.990776507099698563e-06 -8.822215584993576372e-05 1.071717728125051191e-04 1.614705392274514789e-05 -1.131460759417297966e-05 -1.089146570874633714e-02 5.198833357467575605e-02 1.864697061103749373e-02 2.544915044400771625e-02 2.958325938463461299e-02 -3.367841057855999048e-02 -5.761316422432339462e-02 -1.790362369218041483e-01 -2.287529519637136577e+00 -7.400945922770828522e-01 -3.443183557971181696e-01 -2.145100339544348533e-01
1.039640996712596992e-04 -4.561686157641142020e-03 1.606065635620819443e-02 1.709274691572996129e-03 -8.982420233570525409e-03 6.695109753149929011e-02 -5.079031067489566363e-03 -1.582904332851509371e-03 -1.394388365844248924e-04 1.732960165362994859e-04 6.481763952519370648e-05 -1.923078260472764256e-05 -7.187422536868651049e-04 -1.289819580284899442e-04 5.063615583867489881e-05 3.732347989412481315e-05 2.641851727612210432e+00 1.864697061103749373e-02 3.094356297277542023e+00 -1.989310028209215986e+00 -8.856841424263328655e-01 2.464676398777387034e-01 -1.176302668359365672e-01 -1.988086367253883324e+00 1.542002862093261095e+00 -1.214592875200396627e+01 1.295812354274303579e-01 -8.145399582426790630e+00
5.228313696642339792e-04 3.841453930322421412e-02 -1.406924859126281596e-02 -1.674099508773915865e-03 1.909598974263869084e-02 -8.501688940737581190e-02 -1.697486115736583992e-02 2.719719871927262812e-03 2.014787138160549550e-04 -1.480965536135112753e-04 -7.713941081991353686e-05 4.659104441339404976e-04 -1.864553349634516456e-04 9.190065962401954437e-04 1.846134510962369726e-04 -3.173052150790595821e-04 -5.993896666296961939e+00 2.544915044400772666e-02 -1.989310028209215986e+00 5.649025744914663250e+00 1.047844416413935331e+00 -5.304243769865531200e-02 3.016198960049889383e-02 2.767579079714941326e+00 -5.639378316657967183e+00 1.543180047383553344e+01 1.772192671887596882e+00 9.350741416384613203e+00
1.329830031512351700e-03 2.973417627046977610e-02 -3.509531275684756903e-03 -9.100023581577542471e-04 9.777288756550303606e-03 -1.277235694728025631e-02 5.401516314056811069e-02 7.550340349197108894e-05 3.324036748849022445e-04 -1.630453349811814738e-04 -3.539969703087391490e-05 2.209310269126100827e-04 -1.474586801200643759e-04 2.902213418549882311e-04 -5.450313365710610062e-06 1.023835442687232424e-04 -8.517711624376125279e-01 2.958325938463461646e-02 -8.856841424263328655e-01 1.047844416413935331e+00 2.744418224353774693e+00 2.914005177127291374e-02 -4.518103496203761948e-01 -4.599101998581310857e-01 -2.583297486941171073e+01 1.564012137968105343e+00 -2.122222762856838418e+00 2.405440990926421385e+00
7.229486725638400307e-03 -9.987556195814148614e-04 2.336293253502593273e-02 5.738759682672270481e-05 -6.273772382892462904e-03 3.935701095100566094e-02 3.389308489371543887e-02 -5.145078163594663401e-04 -9.733576703032154379e-05 1.490144688366029429e-04 -1.521656317230087334e-04 7.250971056023584145e-04 4.430295941959190337e-04 3.056727018486512284e-05 -9.105831014473315932e-05 2.975734215058810800e-05 3.912910382554404709e+00 -3.367841057855999742e-02 2.464676398777386201e-01 -5.304243769865531893e-02 2.914005177127291374e-02 3.033369614127342295e+00 2.433319102577121029e+00 5.171675610417618696e-01 4.634275457079490224e+01 -1.073687207066979399e+00 3.622504130754100049e-01 1.226320473915438053e-01
6.198899480863230213e-03 -1.195389433199688795e-02 3.688145737907371630e-02 2.477265703827443246e-04 -8.537234401809520867e-03 7.944012903774926027e-02 -2.831446680866821566e-02 2.707624279290624103e-03 -2.236441215177607268e-04 8.124849683990318175e-05 -1.263543139787953187e-04 3.362359456396023173e-04 1.517286667721673811e-03 6.113163677668554752e-04 -4.530088180605202952e-05 8.083541565754974196e-05 -2.611818727582308597e+00 -5.761316422432338075e-02 -1.176302668359365533e-01 3.016198960049889383e-02 -4.518103496203761393e-01 2.433319102577121029e+00 8.197290604651689350e+00 1.326067076324766880e+01 3.547136078653130653e+01 1.160493955673642041e+01 4.920762158404726527e+00 -7.649010398185336790e+00
-1.092495506120178678e-02 -5.630699819765219716e-02 1.819466393402282070e-02 -1.034581405051838337e-03 2.358856378207252122e-02 6.296694905780931412e-03 -4.404074405179544405e-01 1.066853328469251350e-02 -1.165112573455020931e-03 -2.506270464052382245e-04 1.695062180646220639e-04 -2.276152390292361400e-03 4.289228468187727267e-03 2.758487326785785503e-03 -9.505099937428782583e-05 1.378096520686698876e-04 -2.959192471212572428e+01 -1.790362369218040928e-01 -1.988086367253883768e+00 2.767579079714941326e+00 -4.599101998581310857e-01 5.171675610417618696e-01 1.326067076324766880e+01 4.443259795579373872e+01 -7.921484975129035044e-01 4.504411799258754456e+01 2.768698010936803300e+01 -3.516371979165312212e+01
2.105838568466552319e-01 -3.515777569474927700e-01 -5.327212451606639920e-01 -3.162974316322661461e-02 4.050574732018548396e-02 4.245527990674820007e-01 -1.652573197450307951e+00 -8.888325753519880912e-03 -2.362756152418608521e-02 1.026599976751107687e-02 -4.948372251833228243e-03 3.168432049147844320e-02 1.516456794535970230e-02 -8.431404313043578888e-03 8.102984260767281607e-03 9.795317425759411233e-04 1.640938826847700511e+02 -2.287529519637136577e+00 1.542002862093261095e+00 -5.639378316657964518e+00 -2.583297486941171428e+01 4.634275457079490224e+01 3.547136078653130653e+01 -7.921484975129035044e-01 4.724421323179931278e+03 -6.183761357409987625e+01 2.824499795187994167e+01 -1.558493100675058685e+01
1.979457933509394182e-02 -2.498929401735549768e-02 1.394260387791428080e-01 4.558383503643270371e-03 2.445667895674568867e-02 -7.408267260313982083e-01 5.515998830756838611e-01 1.641702990312264923e-02 3.695620084251029485e-03 -2.231276016198100506e-03 -5.708847064273729968e-04 2.630024633931455844e-03 9.026297193608348937e-03 -5.371392377205136924e-04 -1.970244479689415532e-04 -7.458872712139518867e-04 -5.586481232725352442e+01 -7.400945922770828522e-01 -1.214592875200396627e+01 1.543180047383553344e+01 1.564012137968105343e+00 -1.073687207066979621e+00 1.160493955673642041e+01 4.504411799258754456e+01 -6.183761357409987625e+01 2.048341839205987469e+02 2.227066546789582802e+01 1.108674031750071833e+02
-1.833931172983296540e-02 -1.834121357187175061e-01 -1.263010330075469423e-01 -1.285454262813938474e-03 7.676249705783592947e-02 -2.077968426118967094e-01 -9.672956379402842808e-01 1.145956324225223984e-03 -4.785672949513310355e-03 -2.339655102147279568e-04 1.195641222358296218e-04 -2.473157950764106033e-03 7.501008725201433391e-04 1.814704295501785251e-03 -2.510049217825220951e-04 -7.182883036605375564e-04 -1.928717517172904294e+01 -3.443183557971181696e-01 1.295812354274303579e-01 1.772192671887597326e+00 -2.122222762856838418e+00 3.622504130754103935e-01 4.920762158404726527e+00 2.768698010936804010e+01 2.824499795187992035e+01 2.227066546789582802e+01 9.116351531859467627e+01 -4.706772989590363920e+01
1.072718332792961526e-01 3.232222136079907493e-01 2.425937917099593166e-01 5.533750906438871919e-04 3.661165524873817578e-02 -1.053393875338827890e+00 2.546154392173009207e+00 -1.314085727590792035e-02 1.125150225446467853e-02 -2.334129646695488718e-03 -2.127092674803157495e-03 1.663346187679201962e-02 -7.752518845381440107e-03 -2.963411713010552073e-03 -5.236746379938354021e-04 2.471677964690408534e-04 2.813600622596430512e+00 -2.145100339544348533e-01 -8.145399582426792406e+00 9.350741416384613203e+00 2.405440990926421385e+00 1.226320473915438053e-01 -7.649010398185336790e+00 -3.516371979165312212e+01 -1.558493100675058685e+01 1.108674031750071833e+02 -4.706772989590363920e+01 3.190150489750436691e+02
