# fde_zc log10zc theta_i yp2 logA ns theta_MC_100 omegabh2 omegach2 tau A_planck calib_100T calib_217T A_cib_217 xi_sz_cib A_sz ksz_norm gal545_A_100 gal545_A_143 gal545_A_143_217 gal545_A_217 ps_A_100_100 ps_A_143_143 ps_A_143_217 ps_A_217_217
1.443949475852017873e-03 3.074529302178145244e-03 2.887396742522124488e-03 -4.593796210041842134e-05 5.056923232199380877e-04 3.849607137802881851e-04 -1.347654665328646590e-05 4.252743536350722798e-06 3.655523665943022772e-04 -8.983764548918281976e-06 -5.587830647555491824e-06 -1.858592209372917863e-08 -8.271411813405026949e-08 1.319203206573926236e-02 5.546423736659011791e-05 3.231982295696028749e-04 3.640505007495841447e-04 -4.337945855460801432e-04 1.252996755230919397e-03 1.833442252407290612e-03 -9.932909802353151983e-04 1.910289814364217464e-01 1.451160905703078596e-01 5.704634179253559312e-02 -3.169699022395650739e-02
3.074529302178145244e-03 1.378763819318971906e-02 2.302522236936081768e-02 -1.932695278030104264e-04 1.520247485429798750e-03 1.226628444535095156e-03 -2.839748167273902356e-05 2.782826508531676692e-05 8.544016666190615674e-04 -6.459439039228484799e-06 1.654917582178975165e-05 1.139628893466273799e-06 2.668483098019795734e-07 1.567238593863506252e-02 9.028230497947067413e-05 -6.439254345866620658e-04 -2.190200131837742332e-03 2.896158865760998721e-03 1.015593998055687322e-03 1.889660629345478546e-03 -1.666792317076284773e-03 4.205854016123160982e-02 7.059580329024031653e-02 -2.604327470323963400e-03 -4.704397657008770745e-02
2.887396742522124488e-03 2.302522236936081768e-02 8.661531432419120602e-01 -4.459103136136644886e-04 1.430875995928901703e-03 2.899623924829388029e-03 3.616866483725551009e-05 5.419161239761274666e-05 8.582323355899642431e-04 -1.149337403299874783e-04 1.302407124679950284e-04 5.189424837098408308e-06 6.159787651103189867e-06 6.938138406948797521e-02 2.401281202956583299e-03 1.194087737955123497e-02 -2.748624346244080141e-02 7.818228743148305029e-03 -1.532366885921306043e-02 5.639558353345072847e-04 8.714074539485302390e-03 -5.341846393388660630e-01 -4.166123561024006050e-01 1.191502540900859358e-02 -3.422151531188505902e-01
-4.593796210041842134e-05 -1.932695278030104264e-04 -4.459103136136644886e-04 2.064175068903318044e-05 -2.214312436284019726e-05 -1.885351435029101739e-05 2.730128926316772982e-07 -2.905838780764366079e-07 -1.251029947621329698e-05 1.664543904423816246e-06 -2.161857896655094171e-06 -2.502464813477141989e-08 5.230532969542810168e-09 1.115474088983976634e-03 -5.693919134723000195e-06 9.321091326783677257e-05 7.523580509693499519e-05 4.191288312290970174e-05 4.473759671745403582e-05 1.154075859625587494e-04 -4.329564281590455644e-04 1.579639384260378768e-02 1.005955360987535914e-02 6.662738561214490325e-03 1.123094387169629518e-03
5.056923232199380877e-04 1.520247485429798750e-03 1.430875995928901703e-03 -2.214312436284019726e-05 4.786613617357035285e-04 1.531062465172081978e-04 -4.308980402793909170e-06 2.997668309659099029e-06 1.393268271458710840e-04 1.180201909233890759e-04 5.819544376295741523e-06 2.574996588667989373e-07 -9.645105137793013410e-08 5.142627217270941131e-03 1.422100331797721169e-05 -7.232797399680169668e-05 -5.143674392353669129e-05 -5.040360374042949631e-04 -1.095161080912782509e-04 2.528231497585117999e-05 -1.151927802214664344e-03 3.092921478109555977e-02 1.383065484418228783e-02 -7.408512820865166548e-03 -2.517855912435384633e-02
3.849607137802881851e-04 1.226628444535095156e-03 2.899623924829388029e-03 -1.885351435029101739e-05 1.531062465172081978e-04 1.657920431503703221e-04 -2.732847587369635700e-06 2.768564848780839884e-06 9.994603495881841410e-05 2.056208312891977341e-06 -2.214127676361205052e-06 -2.514712868896582400e-08 7.984814320916355385e-08 4.726123517977331642e-03 2.116211470185223211e-05 -7.777667127314100441e-05 -2.675518735962975560e-04 6.655784994245713630e-04 3.646585810002015804e-04 3.301933621105148601e-04 -6.664606589581094451e-04 -6.065339145815347964e-03 1.522177401143712423e-02 4.847916908737964943e-03 -2.225372161924701539e-02
-1.347654665328646590e-05 -2.839748167273902356e-05 3.616866483725551687e-05 2.730128926316772982e-07 -4.308980402793909170e-06 -2.732847587369635700e-06 5.224926939982299598e-07 -3.388660219186393079e-08 -3.310503615303638430e-06 6.347756069723224536e-08 5.451281434746298681e-08 8.033543384873161196e-10 1.938242672143776926e-09 -8.099937565298375092e-05 -1.646528105172021614e-06 2.954549884900302372e-06 3.059982401823769541e-06 -1.439317171009570687e-06 -2.072371365691923645e-05 -3.471618409307463754e-07 4.796710767123520559e-05 -5.671029197203625782e-04 -1.824538928409355531e-04 2.809166483011563890e-04 6.606650351912106813e-04
4.252743536350722798e-06 2.782826508531676692e-05 5.419161239761274666e-05 -2.905838780764366079e-07 2.997668309659099029e-06 2.768564848780839884e-06 -3.388660219186393079e-08 1.332630761999812806e-07 1.380493660942453575e-06 8.297096962434290554e-08 5.130551373239188503e-08 1.804845060573233625e-09 4.301439368847443935e-10 4.089602086086788620e-05 4.836749691250407655e-07 -1.425807811558197075e-06 -9.452189860181418323e-06 1.523786804938987558e-05 4.049063078203096283e-07 -2.858086396759966954e-07 -3.500330799942247700e-06 1.956828486010417866e-04 3.068564020595082901e-04 -4.330118299711422470e-05 -3.818535237199934570e-04
3.655523665943023314e-04 8.544016666190615674e-04 8.582323355899642431e-04 -1.251029947621329698e-05 1.393268271458710840e-04 9.994603495881841410e-05 -3.310503615303638430e-06 1.380493660942453575e-06 9.716513617561895366e-05 -3.401905830772500150e-06 -1.228624682821075771e-06 -2.953334908092493724e-09 -2.563702087406328363e-08 3.361342805673883747e-03 1.305414488660481844e-05 6.874347139679226300e-05 5.931221144208885125e-05 -1.038262821503880195e-04 2.825397504366679389e-04 4.318678687691396940e-04 -2.300345600606859249e-04 4.270895401438580541e-02 3.398360153858966115e-02 1.335659984391186772e-02 -9.404607388082002889e-03
-8.983764548918285364e-06 -6.459439039228484799e-06 -1.149337403299874918e-04 1.664543904423816246e-06 1.180201909233890759e-04 2.056208312891977341e-06 6.347756069723224536e-08 8.297096962434290554e-08 -3.401905830772500150e-06 6.280821675889280270e-05 -4.941405433367087924e-07 3.726887979194186370e-08 -2.521688516983988964e-08 2.024566464483749419e-03 -1.301722071259867254e-06 2.224585659826654624e-06 5.809374072490499784e-05 -3.590063950102648655e-05 -7.949605941095132320e-05 -2.471714063863986221e-04 -1.224677075961437848e-03 5.506265181762432133e-03 7.994994682953659830e-04 -1.784122942487483638e-03 -8.785533607162269998e-03
-5.587830647555492671e-06 1.654917582178975165e-05 1.302407124679950284e-04 -2.161857896655094171e-06 5.819544376295741523e-06 -2.214127676361205052e-06 5.451281434746298681e-08 5.130551373239188503e-08 -1.228624682821075771e-06 -4.941405433367088983e-07 5.249527593387204940e-06 -3.132543921611596513e-08 -1.083728267729565084e-09 1.223212764425579474e-03 -2.483695066474811235e-06 9.437291790958468260e-05 -2.050003544050261415e-05 4.967896177462510473e-05 2.687076226142812993e-05 1.205677371796904729e-04 8.142376432424809716e-04 8.203628634562795674e-03 6.617044095692892723e-03 2.489855392138708677e-03 -1.946398996871073327e-03
-1.858592209372917863e-08 1.139628893466273799e-06 5.189424837098408308e-06 -2.502464813477141989e-08 2.574996588667989373e-07 -2.514712868896583724e-08 8.033543384873161196e-10 1.804845060573233625e-09 -2.953334908092493724e-09 3.726887979194186370e-08 -3.132543921611596513e-08 4.279802744582254878e-07 -5.971955740275683602e-11 -7.430734518930277909e-04 3.187316157072436158e-06 7.094015121695495488e-05 -4.695192141854374407e-05 1.064169735912282049e-04 -1.262150312358876526e-04 -9.364565454048249886e-05 -9.037680301521416224e-07 9.455917021321232421e-03 -8.514273903711674224e-03 -4.352855512340348190e-03 4.227583694063866311e-04
-8.271411813405026949e-08 2.668483098019795734e-07 6.159787651103189020e-06 5.230532969542810168e-09 -9.645105137793013410e-08 7.984814320916355385e-08 1.938242672143776926e-09 4.301439368847443935e-10 -2.563702087406329025e-08 -2.521688516983988964e-08 -1.083728267729565084e-09 -5.971955740275683602e-11 4.078115751756632969e-07 1.360301899992259278e-03 3.044339536418497240e-07 -7.772963374939166698e-07 -1.204178614555293812e-06 -9.378425833674897081e-06 -2.683853115084748982e-05 2.483950585192711848e-04 4.883730998279711471e-04 -1.244745487127371002e-03 -2.258274898718491339e-03 1.764377009602046287e-03 5.745379557626941044e-04
1.319203206573926236e-02 1.567238593863506599e-02 6.938138406948800296e-02 1.115474088983976634e-03 5.142627217270941999e-03 4.726123517977331642e-03 -8.099937565298376448e-05 4.089602086086788620e-05 3.361342805673883313e-03 2.024566464483749419e-03 1.223212764425579691e-03 -7.430734518930277909e-04 1.360301899992259062e-03 3.412562450310659870e+02 -9.903625049266470692e-02 2.655798962424782417e+00 -2.250720388065365007e+00 1.595134467356324359e+00 4.828531595765168938e-02 -3.115122548510026590e+01 -1.047220916070860568e+02 2.617169316414029367e+02 3.246745212396829174e+02 5.563721753579869755e+02 -1.158218615073815272e+03
5.546423736659013824e-05 9.028230497947078255e-05 2.401281202956583299e-03 -5.693919134722999348e-06 1.422100331797722355e-05 2.116211470185223550e-05 -1.646528105172021614e-06 4.836749691250403420e-07 1.305414488660481844e-05 -1.301722071259860901e-06 -2.483695066474812082e-06 3.187316157072435735e-06 3.044339536418493535e-07 -9.903625049266470692e-02 8.217515537176697804e-02 1.191930346420382730e-02 -7.095633482372393393e-03 -9.115281018400858346e-03 5.944399594411974887e-03 1.678523888188202320e-02 -3.213242071226116853e-02 -1.080750942449311802e+00 4.189118743117445920e-01 1.751128797169310802e+00 -6.585697901815222854e-01
3.231982295696027665e-04 -6.439254345866620658e-04 1.194087737955123150e-02 9.321091326783678612e-05 -7.232797399680164247e-05 -7.777667127314097731e-05 2.954549884900304490e-06 -1.425807811558196228e-06 6.874347139679231721e-05 2.224585659826650813e-06 9.437291790958469615e-05 7.094015121695495488e-05 -7.772963374939170933e-07 2.655798962424782861e+00 1.191930346420382730e-02 4.498840872105776434e+00 -3.470606801762607940e+00 -1.782551519791573391e-01 1.338757234046437095e-01 7.161387056896431069e-01 4.937717744539135145e-01 -3.117937037642992237e+01 7.477419915375438819e+00 3.329951765830706734e+01 -2.815152086482144878e+00
3.640505007495843074e-04 -2.190200131837742332e-03 -2.748624346244081529e-02 7.523580509693496808e-05 -5.143674392353663030e-05 -2.675518735962975018e-04 3.059982401823767847e-06 -9.452189860181420017e-06 5.931221144208886480e-05 5.809374072490495041e-05 -2.050003544050261754e-05 -4.695192141854374407e-05 -1.204178614555297411e-06 -2.250720388065365007e+00 -7.095633482372392525e-03 -3.470606801762607940e+00 6.972509716996652784e+00 1.149096906409384222e-01 -1.149146503323871804e-01 -5.193645993499148572e-01 -2.712452084036153233e-01 2.045324306956073457e+01 -8.083680979614499051e+00 -2.692172963290521537e+01 2.553489009352360117e+00
-4.337945855460803059e-04 2.896158865760998721e-03 7.818228743148310234e-03 4.191288312290970851e-05 -5.040360374042949631e-04 6.655784994245713630e-04 -1.439317171009572592e-06 1.523786804938987558e-05 -1.038262821503880331e-04 -3.590063950102650010e-05 4.967896177462509795e-05 1.064169735912282049e-04 -9.378425833674897081e-06 1.595134467356324359e+00 -9.115281018400858346e-03 -1.782551519791573391e-01 1.149096906409384222e-01 3.437544034222461686e+00 4.343867637832761197e-01 6.050791299338687673e-02 -1.867294684124227166e-01 -1.616918075330451998e+01 1.286732657077453368e+01 8.590431109289010436e+00 -1.635272117674555936e+00
1.252996755230919397e-03 1.015593998055686455e-03 -1.532366885921304135e-02 4.473759671745404260e-05 -1.095161080912781290e-04 3.646585810002013093e-04 -2.072371365691924662e-05 4.049063078203089401e-07 2.825397504366678305e-04 -7.949605941095147228e-05 2.687076226142811298e-05 -1.262150312358876526e-04 -2.683853115084746611e-05 4.828531595765183509e-02 5.944399594411973152e-03 1.338757234046437095e-01 -1.149146503323872082e-01 4.343867637832761197e-01 3.307227891474919357e+00 2.427959387561840376e+00 2.228051375668740341e+00 1.298052109990528535e+01 -1.932023843926061346e+01 -4.895133611837596099e+00 3.983364502607640745e+00
1.833442252407290612e-03 1.889660629345478546e-03 5.639558353345259329e-04 1.154075859625587494e-04 2.528231497585117999e-05 3.301933621105148601e-04 -3.471618409307476989e-07 -2.858086396759948426e-07 4.318678687691399109e-04 -2.471714063863986221e-04 1.205677371796904729e-04 -9.364565454048249886e-05 2.483950585192711848e-04 -3.115122548510026590e+01 1.678523888188201973e-02 7.161387056896431069e-01 -5.193645993499148572e-01 6.050791299338689061e-02 2.427959387561840376e+00 1.785187255226471592e+01 3.208387107382405645e+01 2.017697503877322873e+01 4.606293760378505198e+01 -9.738570316607935240e+01 3.448774291955151483e+01
-9.932909802353147646e-04 -1.666792317076284773e-03 8.714074539485257287e-03 -4.329564281590455644e-04 -1.151927802214664344e-03 -6.664606589581094451e-04 4.796710767123521914e-05 -3.500330799942247700e-06 -2.300345600606858707e-04 -1.224677075961437848e-03 8.142376432424809716e-04 -9.037680301521406695e-07 4.883730998279711471e-04 -1.047220916070860568e+02 -3.213242071226117547e-02 4.937717744539135145e-01 -2.712452084036153233e-01 -1.867294684124226889e-01 2.228051375668740341e+00 3.208387107382405645e+01 8.615154632966905979e+01 1.113779993237755672e+00 6.405136075667995499e+01 -1.604489841038734426e+02 1.113664321771044854e+02
1.910289814364216632e-01 4.205854016123163064e-02 -5.341846393388658409e-01 1.579639384260378421e-02 3.092921478109555630e-02 -6.065339145815355770e-03 -5.671029197203626866e-04 1.956828486010415969e-04 4.270895401438578459e-02 5.506265181762434735e-03 8.203628634562795674e-03 9.455917021321234156e-03 -1.244745487127371002e-03 2.617169316414029367e+02 -1.080750942449311802e+00 -3.117937037642992237e+01 2.045324306956073457e+01 -1.616918075330451643e+01 1.298052109990528713e+01 2.017697503877322873e+01 1.113779993237752786e+00 8.715203265699037729e+03 3.707863887963097113e+03 1.597661880917399458e+03 -2.521889272703002973e+02
1.451160905703078596e-01 7.059580329024033041e-02 -4.166123561024006605e-01 1.005955360987535914e-02 1.383065484418228783e-02 1.522177401143712770e-02 -1.824538928409351465e-04 3.068564020595083443e-04 3.398360153858964727e-02 7.994994682953635978e-04 6.617044095692892723e-03 -8.514273903711675959e-03 -2.258274898718491339e-03 3.246745212396829174e+02 4.189118743117445920e-01 7.477419915375438819e+00 -8.083680979614499051e+00 1.286732657077453190e+01 -1.932023843926060991e+01 4.606293760378505198e+01 6.405136075667995499e+01 3.707863887963097113e+03 7.475359355281424541e+03 3.982653636821358305e+03 1.488589643478817663e+02
5.704634179253561393e-02 -2.604327470323989421e-03 1.191502540900874277e-02 6.662738561214490325e-03 -7.408512820865169150e-03 4.847916908737964943e-03 2.809166483011563348e-04 -4.330118299711422470e-05 1.335659984391186945e-02 -1.784122942487484506e-03 2.489855392138709544e-03 -4.352855512340348190e-03 1.764377009602046287e-03 5.563721753579869755e+02 1.751128797169310802e+00 3.329951765830706734e+01 -2.692172963290522247e+01 8.590431109289010436e+00 -4.895133611837596099e+00 -9.738570316607935240e+01 -1.604489841038734141e+02 1.597661880917399458e+03 3.982653636821358305e+03 6.757806522127493736e+03 2.784524176454580356e+03
-3.169699022395647964e-02 -4.704397657008763806e-02 -3.422151531188503126e-01 1.123094387169628651e-03 -2.517855912435379429e-02 -2.225372161924699457e-02 6.606650351912118739e-04 -3.818535237199934028e-04 -9.404607388082009828e-03 -8.785533607162276937e-03 -1.946398996871075062e-03 4.227583694063868480e-04 5.745379557626937791e-04 -1.158218615073815499e+03 -6.585697901815226185e-01 -2.815152086482144433e+00 2.553489009352360117e+00 -1.635272117674555936e+00 3.983364502607640745e+00 3.448774291955150773e+01 1.113664321771044854e+02 -2.521889272703002973e+02 1.488589643478817663e+02 2.784524176454580356e+03 1.222978322196304362e+04
