# yp2 w0 w1 w2 logA ns theta_MC_100 omegabh2 omegach2 tau A_planck calib_100T calib_217T A_cib_217 xi_sz_cib A_sz ksz_norm gal545_A_100 gal545_A_143 gal545_A_143_217 gal545_A_217 ps_A_100_100 ps_A_143_143 ps_A_143_217 ps_A_217_217
1.804786233143102232e-05 -6.458801920066800488e-06 -6.539300476065610496e-05 5.210966361461406469e-05 -2.186500217296459405e-06 6.643060289450764701e-07 -8.980948256396722374e-08 1.208512323462447242e-07 5.968545753595245375e-07 2.892662396635671571e-07 -2.139078084974240036e-06 -8.013648482100050712e-08 4.780280757070152692e-08 3.060865272649184333e-03 -2.748279353392885956e-05 1.615806825032232432e-04 -1.450477818137818544e-04 6.928668997154224882e-05 3.923470918161442358e-04 -2.732487728569059991e-05 -7.271681415877567518e-04 1.251807351512000330e-02 5.494447243163494941e-03 1.181080595967880752e-02 -4.878833698019427803e-03
-6.458801920066800488e-06 1.976415685007695561e-03 -4.186819626025860969e-03 -4.505213947684658061e-04 2.078008955534232647e-05 1.666702541558569048e-05 -1.028027444020596420e-07 7.153768771124322330e-07 -8.910216384288482456e-06 2.286592604758827798e-05 -1.505307423950181595e-06 2.629163844015295496e-07 1.665343172582315855e-07 1.359102733352119362e-02 1.251744405366850448e-06 2.510630831359134552e-04 1.159279229167325292e-04 -6.965315267839906855e-04 -1.372753127447610944e-04 -3.113191850378184498e-03 -7.577646531447851386e-03 -1.209192597173728845e-01 3.730825200568271306e-03 -3.205779206309430657e-03 -6.132761976257964515e-02
-6.539300476065609141e-05 -4.186819626025861836e-03 1.081569080255843224e-01 -1.838542253662204251e-01 9.243706608953591516e-04 5.665482730415964370e-04 3.805144373579055572e-05 1.128515800274527790e-05 -2.598347192650127496e-04 7.577716828674910341e-04 3.920471950959719253e-05 -1.991530538918258610e-06 -7.017163575234479924e-06 -1.803625008418342779e-01 -1.939097447247537269e-03 -1.309880255447782964e-02 6.992478686258717276e-03 -1.762528563498840309e-02 6.377817445771913341e-03 -2.555872109957101849e-03 8.528207471649496690e-03 -2.395758325597306670e-01 -1.464458626205048963e+00 -7.542068040276128649e-01 7.848898534851834752e-01
5.210966361461405114e-05 -4.505213947684657519e-04 -1.838542253662204529e-01 6.937808658286559460e-01 3.679537519978434636e-04 -3.196597734556122982e-04 -1.010701416344695365e-05 -4.071052323199159288e-06 1.794616473564089110e-04 -5.524414436416303411e-05 -5.749252336249659461e-05 1.208906121108488373e-05 1.821591167919148796e-05 6.842378043615081687e-03 5.245268117233544032e-03 -1.855369384361522369e-03 1.416352659236871751e-02 1.848038228910401856e-02 -1.582974614483710976e-02 -1.567774464171442506e-02 1.930815703822860718e-02 -8.980575602763822829e-01 9.604238964662887845e-01 -4.811950376158437015e-01 -6.476929967434204016e-01
-2.186500217296459405e-06 2.078008955534232647e-05 9.243706608953591516e-04 3.679537519978433552e-04 2.383384910416783142e-04 1.453135103593232054e-05 1.299550439757292683e-06 3.341367286100977568e-07 -8.554048815278497987e-06 1.241435841034979983e-04 7.313106012591798749e-06 2.489002781713181985e-07 1.745733332495964438e-07 -9.218319594961501932e-04 1.345662313683546767e-04 -8.145248902619825785e-04 3.271425528751871936e-04 -5.032274968323086230e-05 -6.769648411859579716e-04 -1.184872823402526509e-03 -1.455913585913280218e-03 3.879317552252820739e-02 3.234105320186824589e-02 2.574624934007559499e-02 5.894085086901209442e-02
6.643060289450764701e-07 1.666702541558569048e-05 5.665482730415963286e-04 -3.196597734556122982e-04 1.453135103593232054e-05 2.700057495890496184e-05 5.825082739922047345e-07 3.317076604212503219e-07 -4.922927364545519358e-06 1.623537431254189230e-05 -3.893609065597196806e-06 -2.675803205500616150e-08 -5.851982428959064915e-09 3.843034354443739821e-04 1.613343217506025445e-05 -1.687679300553156385e-05 -1.219939485206091183e-05 8.239566358471849190e-05 2.713405200745644830e-04 -4.588534308443554242e-04 -1.265894708621733387e-03 -2.965788428251098577e-02 -2.857718979421442623e-02 -1.734150856448288952e-02 -1.306757337040378476e-02
-8.980948256396722374e-08 -1.028027444020596420e-07 3.805144373579055572e-05 -1.010701416344695365e-05 1.299550439757292683e-06 5.825082739922047345e-07 3.914396380024360406e-07 2.174799967244819751e-08 -7.166396742517684193e-08 5.448644224605395128e-07 -3.421651813805062732e-08 7.111060012051966981e-09 -4.929858741108071239e-09 -1.567991792948635976e-04 -9.758795547051024102e-07 2.863647937144323116e-05 -7.564487599511543112e-05 -4.197574891556107374e-05 8.686373591031324956e-06 -2.311670196876322120e-05 -5.618669399396702361e-05 2.139080279928181727e-04 -1.423662878854524546e-03 -1.202786534642522488e-03 5.808841840916722078e-05
1.208512323462447242e-07 7.153768771124322330e-07 1.128515800274528129e-05 -4.071052323199159288e-06 3.341367286100977568e-07 3.317076604212503219e-07 2.174799967244819751e-08 3.388392932686669378e-08 -9.528156425427835022e-08 3.067430915368979168e-07 -7.946595335222390074e-08 4.029638502087803961e-10 -3.832870345465853652e-09 -2.321901279617502432e-05 -8.447652751944538560e-07 -6.786240289879212855e-06 1.011382877375520327e-05 2.305020253522942095e-06 1.051663654407678759e-05 2.281773817014305651e-06 -1.312406867661663123e-05 2.025605713776622210e-03 5.297017725757487529e-04 -1.741758196234628416e-04 -1.357246885525527737e-04
5.968545753595245375e-07 -8.910216384288482456e-06 -2.598347192650128038e-04 1.794616473564089110e-04 -8.554048815278497987e-06 -4.922927364545519358e-06 -7.166396742517684193e-08 -9.528156425427835022e-08 2.494107099517194925e-06 -7.272749012516951163e-06 -2.788129724517827846e-07 -4.039662136362753450e-08 9.973557663709199418e-09 1.163887474814723731e-03 -1.039490574367828659e-05 1.246679204851005402e-04 -4.211877470723322510e-05 1.189984455346010351e-04 5.736483791418706569e-05 2.246441019774109713e-04 1.803215386823951282e-04 6.394477115016965543e-03 7.722366482525936347e-03 3.113404439574816388e-03 -6.154237911776926431e-03
2.892662396635671571e-07 2.286592604758827798e-05 7.577716828674907089e-04 -5.524414436416305444e-05 1.241435841034979983e-04 1.623537431254189230e-05 5.448644224605395128e-07 3.067430915368979168e-07 -7.272749012516951163e-06 7.287893836018792158e-05 1.290795816100509731e-07 3.377023991591745574e-08 8.693365298072280200e-08 1.071437195942391606e-03 7.414308263063409043e-05 -3.731189057719734581e-04 1.509989809103318625e-04 4.789417992372523697e-05 -2.280635403603722261e-04 -9.942020912682145769e-04 -1.996638565355412457e-03 1.827253878110809276e-02 1.818301248684435142e-02 2.168966495301574010e-02 3.098422346544416756e-02
-2.139078084974240036e-06 -1.505307423950181595e-06 3.920471950959718575e-05 -5.749252336249659461e-05 7.313106012591798749e-06 -3.893609065597196806e-06 -3.421651813805062732e-08 -7.946595335222390074e-08 -2.788129724517827846e-07 1.290795816100510525e-07 5.092314355235084695e-06 3.431662937948828307e-08 1.203670361556287251e-08 7.300430888781877852e-04 -6.085975670190827089e-06 -3.384069939672893472e-05 2.457959094560873778e-05 -7.115360279020100200e-05 -3.755263693598557119e-05 1.243756877856765303e-04 6.882710070842648804e-04 1.949208256694448180e-02 9.701665733889718035e-03 1.373934360560050182e-03 1.167339005030652204e-03
-8.013648482100050712e-08 2.629163844015295496e-07 -1.991530538918261998e-06 1.208906121108488373e-05 2.489002781713181985e-07 -2.675803205500616150e-08 7.111060012051966981e-09 4.029638502087803961e-10 -4.039662136362753450e-08 3.377023991591748882e-08 3.431662937948828307e-08 4.378286922047644085e-07 2.399451825539051875e-09 -5.794132993134652656e-04 3.846313499441725005e-06 1.360139798928586444e-05 -2.121964461366017243e-06 1.330665215479630910e-04 -1.182816618727515267e-04 -1.040956690606362650e-04 3.790634471881275917e-05 1.332648779710680215e-02 -6.621115901040009431e-03 -2.603137378853103995e-03 1.202298483638320880e-03
4.780280757070152692e-08 1.665343172582315855e-07 -7.017163575234478230e-06 1.821591167919148796e-05 1.745733332495964438e-07 -5.851982428959064915e-09 -4.929858741108071239e-09 -3.832870345465853652e-09 9.973557663709199418e-09 8.693365298072284170e-08 1.203670361556287251e-08 2.399451825539051875e-09 4.265258275077447400e-07 1.434795703908499191e-03 -4.427448984090244562e-06 5.154947738764850138e-06 2.068462241606405276e-05 7.920903869595481315e-06 -3.792354978069823731e-05 2.857150124201990630e-04 6.625877582192863649e-04 -6.160663124990516668e-04 -2.790187482914712087e-03 1.763837244081566677e-03 -4.377941100445797615e-04
3.060865272649184333e-03 1.359102733352118494e-02 -1.803625008418341669e-01 6.842378043615143270e-03 -9.218319594961492175e-04 3.843034354443732774e-04 -1.567991792948636247e-04 -2.321901279617501754e-05 1.163887474814723731e-03 1.071437195942390955e-03 7.300430888781876768e-04 -5.794132993134652656e-04 1.434795703908499191e-03 3.388123497426743143e+02 -1.749954415490030668e-01 4.464038267842116881e+00 -1.880278060964298836e+00 -2.248334803207045485e-01 6.185314700987972758e-01 -3.016542060618666454e+01 -1.037918224809591266e+02 3.716296495328231231e+02 3.288623219767234218e+02 5.365565652415573368e+02 -1.150012412918466453e+03
-2.748279353392886295e-05 1.251744405366759815e-06 -1.939097447247534883e-03 5.245268117233544899e-03 1.345662313683546496e-04 1.613343217506026122e-05 -9.758795547051032572e-07 -8.447652751944539618e-07 -1.039490574367828489e-05 7.414308263063410398e-05 -6.085975670190831324e-06 3.846313499441726699e-06 -4.427448984090243715e-06 -1.749954415490030668e-01 8.131908554387824728e-02 1.612116328220715086e-02 -1.282043240272033070e-02 -1.554885762282657126e-03 -5.128089908249703482e-03 1.029256790581014637e-02 -6.556261743631838779e-02 -2.390772271800641668e+00 3.537821754580294242e-01 1.937705648320470653e+00 1.948687885853840063e-01
1.615806825032233246e-04 2.510630831359138889e-04 -1.309880255447784005e-02 -1.855369384361514563e-03 -8.145248902619826870e-04 -1.687679300553155030e-05 2.863647937144323454e-05 -6.786240289879213702e-06 1.246679204851005673e-04 -3.731189057719735665e-04 -3.384069939672893472e-05 1.360139798928586105e-05 5.154947738764850985e-06 4.464038267842116881e+00 1.612116328220714739e-02 4.370209642500471503e+00 -3.287532118712193085e+00 -2.276539124264438940e-01 9.470258169681722293e-02 4.588560841254602507e-01 -2.132870563896760718e-01 -3.893262436803335902e+01 2.639501575043087467e+00 2.977880319474540727e+01 -9.645666484713689925e+00
-1.450477818137818002e-04 1.159279229167321632e-04 6.992478686258719010e-03 1.416352659236873486e-02 3.271425528751871936e-04 -1.219939485206094233e-05 -7.564487599511543112e-05 1.011382877375520327e-05 -4.211877470723321155e-05 1.509989809103317812e-04 2.457959094560878860e-05 -2.121964461366017243e-06 2.068462241606404937e-05 -1.880278060964298614e+00 -1.282043240272032897e-02 -3.287532118712193085e+00 6.919408348464153313e+00 1.525530742443028942e-01 1.914906633873111885e-02 -4.412483810900745818e-01 -1.586135169279979384e-01 2.853723509031959438e+01 -5.083829640687305584e+00 -2.299722139946036847e+01 -3.112577199686114238e+00
6.928668997154222172e-05 -6.965315267839910108e-04 -1.762528563498839615e-02 1.848038228910402550e-02 -5.032274968323092329e-05 8.239566358471853255e-05 -4.197574891556108729e-05 2.305020253522942519e-06 1.189984455346010487e-04 4.789417992372520987e-05 -7.115360279020098845e-05 1.330665215479630910e-04 7.920903869595481315e-06 -2.248334803207045485e-01 -1.554885762282656909e-03 -2.276539124264438940e-01 1.525530742443028664e-01 3.622724075995963133e+00 5.175347159690675269e-01 4.480315874601063508e-01 4.305268505258332823e-01 -2.035464206126925291e+01 5.693563354546960831e+00 2.644848140256584657e+00 4.048254468042709497e+00
3.923470918161442358e-04 -1.372753127447610131e-04 6.377817445771908136e-03 -1.582974614483713405e-02 -6.769648411859579716e-04 2.713405200745644830e-04 8.686373591031321567e-06 1.051663654407678759e-05 5.736483791418705891e-05 -2.280635403603723345e-04 -3.755263693598555764e-05 -1.182816618727515267e-04 -3.792354978069824409e-05 6.185314700987972758e-01 -5.128089908249702615e-03 9.470258169681719518e-02 1.914906633873111885e-02 5.175347159690675269e-01 3.423495220710672804e+00 2.350699019849616711e+00 2.000199771562997775e+00 1.917728971151445805e+01 -1.680824082845377276e+01 2.704309878011535440e-01 5.188228050969100558e+00
-2.732487728569059991e-05 -3.113191850378185365e-03 -2.555872109957109655e-03 -1.567774464171440077e-02 -1.184872823402526509e-03 -4.588534308443554784e-04 -2.311670196876322120e-05 2.281773817014303957e-06 2.246441019774109171e-04 -9.942020912682147937e-04 1.243756877856765303e-04 -1.040956690606362515e-04 2.857150124201990630e-04 -3.016542060618666454e+01 1.029256790581014637e-02 4.588560841254602507e-01 -4.412483810900745818e-01 4.480315874601063508e-01 2.350699019849616267e+00 1.728779949679167416e+01 3.210406918593305647e+01 8.007091656670761282e+00 2.968576876666701025e+01 -9.832228511316506570e+01 2.540960431764602490e+01
-7.271681415877566433e-04 -7.577646531447851386e-03 8.528207471649465465e-03 1.930815703822857943e-02 -1.455913585913280002e-03 -1.265894708621733387e-03 -5.618669399396702361e-05 -1.312406867661663123e-05 1.803215386823951282e-04 -1.996638565355412023e-03 6.882710070842648804e-04 3.790634471881275917e-05 6.625877582192863649e-04 -1.037918224809591266e+02 -6.556261743631838779e-02 -2.132870563896760718e-01 -1.586135169279978552e-01 4.305268505258332823e-01 2.000199771562997775e+00 3.210406918593305647e+01 8.880081560062254198e+01 -2.524341370990232036e+01 2.881198082447031439e+01 -1.689715589624528604e+02 8.540565481681953486e+01
1.251807351511999809e-02 -1.209192597173728984e-01 -2.395758325597310279e-01 -8.980575602763820608e-01 3.879317552252820739e-02 -2.965788428251098577e-02 2.139080279928182811e-04 2.025605713776622210e-03 6.394477115016966411e-03 1.827253878110809276e-02 1.949208256694448180e-02 1.332648779710680215e-02 -6.160663124990514499e-04 3.716296495328231231e+02 -2.390772271800641668e+00 -3.893262436803336612e+01 2.853723509031959438e+01 -2.035464206126925646e+01 1.917728971151445805e+01 8.007091656670759505e+00 -2.524341370990233102e+01 1.007774584911608690e+04 3.879924260176761436e+03 1.861795560568797328e+03 -5.567704378192540844e+02
5.494447243163493207e-03 3.730825200568279112e-03 -1.464458626205048963e+00 9.604238964662887845e-01 3.234105320186824589e-02 -2.857718979421442623e-02 -1.423662878854524329e-03 5.297017725757487529e-04 7.722366482525934613e-03 1.818301248684435489e-02 9.701665733889718035e-03 -6.621115901040010299e-03 -2.790187482914712087e-03 3.288623219767234218e+02 3.537821754580296463e-01 2.639501575043087911e+00 -5.083829640687305584e+00 5.693563354546959054e+00 -1.680824082845377276e+01 2.968576876666701025e+01 2.881198082447031439e+01 3.879924260176761436e+03 6.996512552565393889e+03 3.594521177266512041e+03 1.166948134563639883e+01
1.181080595967880925e-02 -3.205779206309450173e-03 -7.542068040276136420e-01 -4.811950376158435905e-01 2.574624934007560886e-02 -1.734150856448288952e-02 -1.202786534642522271e-03 -1.741758196234629501e-04 3.113404439574816388e-03 2.168966495301574010e-02 1.373934360560050182e-03 -2.603137378853103995e-03 1.763837244081566460e-03 5.365565652415573368e+02 1.937705648320470653e+00 2.977880319474540372e+01 -2.299722139946037203e+01 2.644848140256583768e+00 2.704309878011543211e-01 -9.832228511316506570e+01 -1.689715589624528320e+02 1.861795560568797328e+03 3.594521177266512041e+03 6.304452374776539727e+03 2.659959803351830487e+03
-4.878833698019423466e-03 -6.132761976257961739e-02 7.848898534851829201e-01 -6.476929967434210678e-01 5.894085086901209442e-02 -1.306757337040378129e-02 5.808841840916709881e-05 -1.357246885525526382e-04 -6.154237911776928166e-03 3.098422346544417103e-02 1.167339005030653071e-03 1.202298483638320446e-03 -4.377941100445795447e-04 -1.150012412918466453e+03 1.948687885853840063e-01 -9.645666484713689925e+00 -3.112577199686113794e+00 4.048254468042712162e+00 5.188228050969100558e+00 2.540960431764602490e+01 8.540565481681956328e+01 -5.567704378192539707e+02 1.166948134563630468e+01 2.659959803351830942e+03 1.212121443755794280e+04
