# fde_zc log10zc theta_i yp2 logA ns theta_MC_100 omegabh2 omegach2 tau A_planck calib_100T calib_217T A_cib_217 xi_sz_cib A_sz ksz_norm gal545_A_100 gal545_A_143 gal545_A_143_217 gal545_A_217 ps_A_100_100 ps_A_143_143 ps_A_143_217 ps_A_217_217
9.071271076988561034e-04 2.035650816657607817e-03 1.062345462424974527e-03 -2.392787686872311923e-05 2.484231181283148046e-04 2.113515550557333394e-04 -8.884530769712659150e-06 1.059247241973320169e-06 1.956617422448978373e-04 -1.136692193670939467e-05 -4.967199822647159482e-06 -6.132029111991661225e-07 6.619247266142786479e-08 -5.377722065511298354e-03 3.498219247761338819e-05 -1.850054703069134660e-03 3.136545001261445940e-03 -1.064675846906064735e-04 -1.412231742377532398e-03 3.840108013328400133e-05 1.632934263346528343e-03 2.045210182043171732e-01 1.932455937212076980e-01 2.817082456966860105e-02 -1.532495254737104885e-02
2.035650816657607817e-03 1.152864273161426090e-02 1.300904044842558088e-02 -1.311526486753874057e-04 8.083588840047703332e-04 7.975453356742209310e-04 -2.281799131437655564e-05 2.110623042574743646e-05 4.946553301312514236e-04 -7.615664615551022225e-05 1.757723974903425244e-05 -6.281412599041481931e-07 2.737022426612864594e-07 -3.268463514846032397e-02 -5.856416161932762870e-06 -6.374660705567594676e-03 5.402934474089557404e-03 3.339605098963537174e-04 -3.093517912927269426e-03 6.946327111529785811e-03 3.178947969336760881e-02 5.905400087485761923e-02 2.277517677678643215e-01 -7.534631133293141769e-02 -1.229493017155529472e-01
1.062345462424974961e-03 1.300904044842557915e-02 8.165215408375806616e-01 -1.378961549166851208e-04 5.592128616125613665e-04 1.038024708260780124e-03 -1.021373799798117397e-05 3.120847518935373024e-05 2.286884502601366058e-04 -3.046257954105175260e-05 6.560166136739750415e-05 6.444643196165794506e-06 2.821057246210143474e-06 3.079543233189891982e-01 -9.231945164823341255e-04 -1.272761216295313462e-02 2.630701044444047620e-02 -3.100797690154276712e-02 -1.316964956311224332e-03 -5.831605941058713716e-04 -1.116026382111152439e-02 -9.219927669792445935e-01 5.996922849103674125e-01 1.095408247007485070e+00 -5.473891291036475648e-01
-2.392787686872311585e-05 -1.311526486753874057e-04 -1.378961549166851479e-04 1.913608148979298264e-05 -1.216592606804467841e-05 -1.024928879717195381e-05 1.885134142944925852e-07 -1.614996839192148171e-07 -5.211095173308120228e-06 5.043094737475776620e-07 -1.900677332521997189e-06 -3.285999271389112238e-08 -5.853495783553652366e-08 7.681060868259376694e-04 2.272421672948711431e-05 3.176277239154396510e-04 -4.605985425402127310e-04 -1.178264499564571981e-05 5.556783912626003910e-05 3.049592188712008317e-04 -2.179162549536299500e-04 7.994774613866707097e-03 1.093582086715885748e-02 5.864289253806695022e-04 -4.545215798417205633e-03
2.484231181283147504e-04 8.083588840047703332e-04 5.592128616125613665e-04 -1.216592606804467841e-05 2.968444605257382503e-04 7.739562567852301654e-05 -1.646566272105772904e-06 1.433550764440259391e-06 5.013037436867746595e-05 1.046466038257609583e-04 7.153595566822073225e-06 2.159551213290768985e-07 5.557448627935287679e-08 -2.762047136206011427e-03 -7.825299120613803745e-06 -9.912678649168572050e-04 1.516059852765531306e-03 4.065244031742684520e-04 -1.716818965286349659e-04 1.033774620048344374e-04 3.502222865988218348e-03 6.941175954016880201e-02 3.776581653046912762e-02 2.046354683767833901e-02 3.871156570414857221e-04
2.113515550557333394e-04 7.975453356742209310e-04 1.038024708260780124e-03 -1.024928879717195381e-05 7.739562567852301654e-05 9.471933951932577937e-05 -1.743359131826343095e-06 1.688551404627524068e-06 4.347742203637578080e-05 6.825039507865879575e-06 -2.667562626043450926e-06 -1.553249847725438551e-07 7.342607949671186678e-08 -1.215913226140005483e-03 2.048595362848947997e-05 -7.295170772497925563e-04 9.394894863803309251e-04 4.874911036374870998e-04 -2.428550342443027516e-04 2.957464428273488499e-05 2.429588126202328368e-04 -1.780560696830028530e-02 1.382154320429626777e-02 -1.651895458840605280e-03 -2.356800112732318313e-03
-8.884530769712659150e-06 -2.281799131437655564e-05 -1.021373799798117228e-05 1.885134142944925852e-07 -1.646566272105772904e-06 -1.743359131826343095e-06 4.670938677004818288e-07 -7.614382982161793065e-09 -2.033654209259125084e-06 5.793231374584102866e-07 -1.394182658701484862e-08 8.505916094112229239e-09 3.332006262533721054e-09 4.733747811603428976e-05 -2.549936917137899838e-06 1.393764826329097702e-06 -1.364613850391529121e-05 2.433845088163358319e-05 -1.388980476017295851e-06 -1.704985921886897205e-05 -3.226532779041750706e-05 -6.846073315572126202e-04 -7.022278204639770694e-04 7.619355388144303989e-04 1.123013496627661050e-03
1.059247241973320169e-06 2.110623042574743646e-05 3.120847518935373702e-05 -1.614996839192148171e-07 1.433550764440259391e-06 1.688551404627524068e-06 -7.614382982161793065e-09 1.149886897576232281e-07 3.610111486221044169e-07 7.722929091591365596e-08 4.657022672049781078e-08 3.934807648308167552e-09 2.488028045576616972e-10 7.812706937662059750e-05 -2.548554041611224992e-07 -1.584579497934946173e-05 2.404889172134568027e-05 4.587865595239907228e-06 -9.659529324445162906e-06 -5.312398604904220769e-07 3.323874472098420352e-05 8.160281022959582718e-04 8.597361830953490457e-04 6.529943867669996691e-04 -2.965936329867788755e-04
1.956617422448978373e-04 4.946553301312514236e-04 2.286884502601365244e-04 -5.211095173308120228e-06 5.013037436867746595e-05 4.347742203637578080e-05 -2.033654209259125084e-06 3.610111486221044169e-07 4.639882518269378733e-05 -1.013139014073763474e-05 -1.054516044465907076e-06 -1.820325466934285453e-07 -6.876562615851351087e-09 -3.472133184523585291e-04 1.123244189993307018e-05 -3.512323581249519899e-04 6.091544387485781477e-04 -4.997718726243327472e-05 -3.608305568506170219e-04 -1.233100423317517482e-04 1.984561001709552017e-04 4.866812430197149653e-02 4.797800934263666411e-02 9.227217275118451689e-03 -7.787826773075599493e-03
-1.136692193670939297e-05 -7.615664615551022225e-05 -3.046257954105168484e-05 5.043094737475778738e-07 1.046466038257609583e-04 6.825039507865879575e-06 5.793231374584102866e-07 7.722929091591365596e-08 -1.013139014073763643e-05 6.532095493049746074e-05 1.543367330536446332e-07 1.411321281228607895e-07 3.766795049400985510e-09 -7.188714480517775871e-04 -2.403238313205379917e-05 -1.993821264076092975e-04 3.851139272196359479e-04 3.990132368089214674e-04 3.364589489206568237e-04 2.858351339722913940e-04 8.218107925602270497e-04 1.034868532743925436e-02 -5.274850004746887110e-03 3.683302996764011451e-03 4.598588951118453769e-03
-4.967199822647159482e-06 1.757723974903425244e-05 6.560166136739753126e-05 -1.900677332521997189e-06 7.153595566822073225e-06 -2.667562626043450926e-06 -1.394182658701484862e-08 4.657022672049781078e-08 -1.054516044465907076e-06 1.543367330536447126e-07 5.109875322214379842e-06 1.007489477110045347e-09 2.435813670859992985e-08 2.070800210177667182e-03 6.140460698999799004e-06 4.587096277731591963e-05 6.901019906564369408e-05 2.676849091448440574e-05 5.324785453125418871e-05 8.706125121646344253e-05 6.153089688061232814e-04 1.698911474956467382e-02 9.589402450191762683e-03 7.444347400300471186e-03 -3.505434450871135980e-03
-6.132029111991661225e-07 -6.281412599041481931e-07 6.444643196165791965e-06 -3.285999271389112238e-08 2.159551213290768985e-07 -1.553249847725438551e-07 8.505916094112229239e-09 3.934807648308167552e-09 -1.820325466934285453e-07 1.411321281228608160e-07 1.007489477110045347e-09 4.402261153214747398e-07 -2.324957522711707447e-10 -7.547412173347070510e-04 1.793349851814400093e-06 8.612245427533756154e-05 -6.959067585101254109e-05 1.177744951787180311e-04 -9.758591166986235927e-05 -4.362858072775486161e-05 1.407074478993258976e-04 1.085115664318123986e-02 -8.001593851509372982e-03 -3.468659986023649687e-03 4.251988164798450821e-05
6.619247266142781186e-08 2.737022426612864594e-07 2.821057246210144321e-06 -5.853495783553652366e-08 5.557448627935287679e-08 7.342607949671186678e-08 3.332006262533721054e-09 2.488028045576616972e-10 -6.876562615851351087e-09 3.766795049400985510e-09 2.435813670859992985e-08 -2.324957522711707447e-10 4.181558375009777624e-07 1.353665240065698430e-03 -1.732739460697452371e-06 -8.776141906912951487e-06 3.954955820545046720e-05 -3.180804370713856575e-06 -3.635405809429358121e-05 2.735390641492828345e-04 6.042804755783813715e-04 3.004818520485672386e-04 -1.215196080059562913e-03 2.316501304019620133e-03 -2.073992751347503345e-04
-5.377722065511299221e-03 -3.268463514846032397e-02 3.079543233189890872e-01 7.681060868259377778e-04 -2.762047136206012294e-03 -1.215913226140005483e-03 4.733747811603434397e-05 7.812706937662062460e-05 -3.472133184523586917e-04 -7.188714480517773703e-04 2.070800210177667182e-03 -7.547412173347070510e-04 1.353665240065698430e-03 3.371605297967354318e+02 -7.433244508563800756e-02 2.183628883462906511e+00 -7.871837330973976421e-01 1.456585251083577059e+00 4.225143638726162054e-01 -2.987943174822808245e+01 -1.019346920270992740e+02 2.527237785150157663e+02 3.198497676605019251e+02 5.549393790225307157e+02 -1.155732429637032965e+03
3.498219247761340174e-05 -5.856416161932724754e-06 -9.231945164823334750e-04 2.272421672948711770e-05 -7.825299120613791887e-06 2.048595362848948335e-05 -2.549936917137899838e-06 -2.548554041611225521e-07 1.123244189993305493e-05 -2.403238313205379578e-05 6.140460698999798157e-06 1.793349851814400517e-06 -1.732739460697449619e-06 -7.433244508563804920e-02 8.283214317071291299e-02 1.818674964503024655e-02 -4.607477033959763400e-03 -3.247275469440011591e-03 1.102843904261450320e-02 2.342700699572899947e-02 -2.551619946519809168e-02 -1.099042351579020194e+00 6.196536866154941370e-01 1.764001462570894185e+00 -1.074150238244134581e+00
-1.850054703069134009e-03 -6.374660705567596411e-03 -1.272761216295312074e-02 3.176277239154396510e-04 -9.912678649168572050e-04 -7.295170772497927732e-04 1.393764826329105749e-06 -1.584579497934947189e-05 -3.512323581249519899e-04 -1.993821264076092161e-04 4.587096277731589252e-05 8.612245427533754799e-05 -8.776141906912953181e-06 2.183628883462906067e+00 1.818674964503024655e-02 4.469426954840484356e+00 -3.355283108391936775e+00 -1.178667380123178399e-01 4.247279715244309944e-02 8.729082639096303886e-01 6.497717677075495191e-01 -3.790679524880795981e+01 3.800210597692457171e+00 2.931596631884402271e+01 -1.743225306264240215e+00
3.136545001261445940e-03 5.402934474089556537e-03 2.630701044444049355e-02 -4.605985425402127310e-04 1.516059852765531089e-03 9.394894863803309251e-04 -1.364613850391529460e-05 2.404889172134567688e-05 6.091544387485781477e-04 3.851139272196361105e-04 6.901019906564369408e-05 -6.959067585101252754e-05 3.954955820545047397e-05 -7.871837330973974201e-01 -4.607477033959766870e-03 -3.355283108391936775e+00 6.954962995963376748e+00 1.918450889253874025e-02 -6.968603021809169351e-03 -8.020586958507227582e-01 -1.083430244508224227e+00 2.842425906308121952e+01 -1.167654577846091835e+00 -1.782386868327859375e+01 5.294574447222437641e+00
-1.064675846906065954e-04 3.339605098963537174e-04 -3.100797690154278446e-02 -1.178264499564573506e-05 4.065244031742686688e-04 4.874911036374871541e-04 2.433845088163358658e-05 4.587865595239905534e-06 -4.997718726243330860e-05 3.990132368089214132e-04 2.676849091448440574e-05 1.177744951787180311e-04 -3.180804370713856575e-06 1.456585251083577059e+00 -3.247275469440012892e-03 -1.178667380123178399e-01 1.918450889253874719e-02 3.421191803214723937e+00 3.846227358860178636e-01 1.586322827881777586e-01 -7.855882673848653408e-02 -1.367258746037842165e+01 1.422376506622106263e+01 9.079515177600910647e+00 -2.306076913032858666e+00
-1.412231742377532615e-03 -3.093517912927268992e-03 -1.316964956311214357e-03 5.556783912626007976e-05 -1.716818965286351015e-04 -2.428550342443027788e-04 -1.388980476017297756e-06 -9.659529324445159518e-06 -3.608305568506170219e-04 3.364589489206568779e-04 5.324785453125418193e-05 -9.758591166986238638e-05 -3.635405809429358799e-05 4.225143638726162609e-01 1.102843904261450840e-02 4.247279715244307863e-02 -6.968603021809164147e-03 3.846227358860179191e-01 3.188171430430067677e+00 2.235147198889096298e+00 2.124052709145487938e+00 1.688189130761857015e+01 -1.879491564756278166e+01 -1.815371560319192445e+00 1.291473237693328890e+00
3.840108013328400133e-05 6.946327111529780607e-03 -5.831605941058050184e-04 3.049592188712008317e-04 1.033774620048344916e-04 2.957464428273476301e-05 -1.704985921886898221e-05 -5.312398604904182653e-07 -1.233100423317517482e-04 2.858351339722915566e-04 8.706125121646345608e-05 -4.362858072775486839e-05 2.735390641492828887e-04 -2.987943174822808245e+01 2.342700699572900641e-02 8.729082639096303886e-01 -8.020586958507227582e-01 1.586322827881777864e-01 2.235147198889096298e+00 1.707479605569594838e+01 3.090193103503579408e+01 2.154668718461501342e+01 4.695042273231272389e+01 -8.810737218952108663e+01 3.840971434881186042e+01
1.632934263346528343e-03 3.178947969336760881e-02 -1.116026382111162153e-02 -2.179162549536299500e-04 3.502222865988217915e-03 2.429588126202328368e-04 -3.226532779041750706e-05 3.323874472098420352e-05 1.984561001709551475e-04 8.218107925602269413e-04 6.153089688061232814e-04 1.407074478993258976e-04 6.042804755783813715e-04 -1.019346920270992740e+02 -2.551619946519809168e-02 6.497717677075495191e-01 -1.083430244508224227e+00 -7.855882673848656184e-02 2.124052709145487938e+00 3.090193103503579408e+01 8.360363024433522128e+01 1.466302139866467869e+01 6.782954588269561214e+01 -1.467732349579704305e+02 1.221725866586619702e+02
2.045210182043170899e-01 5.905400087485769556e-02 -9.219927669792441494e-01 7.994774613866707097e-03 6.941175954016880201e-02 -1.780560696830028530e-02 -6.846073315572128370e-04 8.160281022959583802e-04 4.866812430197150346e-02 1.034868532743926130e-02 1.698911474956467729e-02 1.085115664318123986e-02 3.004818520485668591e-04 2.527237785150157663e+02 -1.099042351579020416e+00 -3.790679524880795981e+01 2.842425906308121242e+01 -1.367258746037841988e+01 1.688189130761857015e+01 2.154668718461501342e+01 1.466302139866467691e+01 9.071920526471218182e+03 3.698470864967184752e+03 1.688945068588924642e+03 -1.473676207703869920e+02
1.932455937212076702e-01 2.277517677678644048e-01 5.996922849103673014e-01 1.093582086715885748e-02 3.776581653046914150e-02 1.382154320429627298e-02 -7.022278204639772863e-04 8.597361830953490457e-04 4.797800934263665718e-02 -5.274850004746884508e-03 9.589402450191759214e-03 -8.001593851509372982e-03 -1.215196080059562913e-03 3.198497676605019251e+02 6.196536866154940260e-01 3.800210597692458947e+00 -1.167654577846090724e+00 1.422376506622106263e+01 -1.879491564756278166e+01 4.695042273231272389e+01 6.782954588269561214e+01 3.698470864967184752e+03 7.259142918859500242e+03 3.947250782034574513e+03 2.711353879604388339e+02
2.817082456966861492e-02 -7.534631133293143157e-02 1.095408247007484848e+00 5.864289253806714538e-04 2.046354683767834595e-02 -1.651895458840608967e-03 7.619355388144303989e-04 6.529943867669997775e-04 9.227217275118451689e-03 3.683302996764009282e-03 7.444347400300473788e-03 -3.468659986023649687e-03 2.316501304019618832e-03 5.549393790225307157e+02 1.764001462570894629e+00 2.931596631884402271e+01 -1.782386868327859020e+01 9.079515177600910647e+00 -1.815371560319192223e+00 -8.810737218952110084e+01 -1.467732349579704305e+02 1.688945068588924642e+03 3.947250782034574513e+03 6.727394324340983985e+03 2.786965053984522910e+03
-1.532495254737104191e-02 -1.229493017155530860e-01 -5.473891291036464546e-01 -4.545215798417205633e-03 3.871156570414808974e-04 -2.356800112732322216e-03 1.123013496627660833e-03 -2.965936329867789297e-04 -7.787826773075600360e-03 4.598588951118453769e-03 -3.505434450871134245e-03 4.251988164798448788e-05 -2.073992751347501719e-04 -1.155732429637032965e+03 -1.074150238244134581e+00 -1.743225306264240437e+00 5.294574447222436753e+00 -2.306076913032857778e+00 1.291473237693328890e+00 3.840971434881186042e+01 1.221725866586619702e+02 -1.473676207703869920e+02 2.711353879604389476e+02 2.786965053984522910e+03 1.220909750784003882e+04
