# fde_zc log10zc theta_i yp2 logA ns theta_MC_100 omegabh2 omegach2 tau A_planck calib_100T calib_217T A_cib_217 xi_sz_cib A_sz ksz_norm gal545_A_100 gal545_A_143 gal545_A_143_217 gal545_A_217 ps_A_100_100 ps_A_143_143 ps_A_143_217 ps_A_217_217
1.239113967836243677e-03 2.530789432201404308e-03 3.253379620337352052e-03 -4.157161943868685288e-05 4.499081893685642894e-04 3.345142331375229074e-04 -1.035556991626687227e-05 3.488911922465571668e-06 3.163574317530324352e-04 -6.611598136521471127e-06 -6.209087993817598916e-06 1.756619817781148383e-07 1.912430188457946328e-09 6.191865017677852098e-06 -1.211946025137883108e-04 -1.268597386381967000e-03 3.527773704512000928e-03 1.024442464806862461e-03 -5.218210541528907256e-04 -1.228259247695210254e-03 -2.820989787188995287e-03 1.997777333359408991e-01 9.677681953333647225e-02 2.340716416797383737e-02 1.114463371643835063e-03
2.530789432201404308e-03 1.161310990434358432e-02 2.171754711637543384e-02 -1.749515995902774517e-04 1.538488843683360769e-03 1.010042682712462142e-03 -2.573608215200786514e-05 2.615858181930194094e-05 8.084323106017638058e-04 -1.596642903245600146e-05 1.576801337944328706e-05 9.690394836706806126e-07 -3.948029572320943807e-07 2.571548265899072181e-03 1.026300164370687013e-05 -5.470026273984233967e-03 8.170371625568441723e-03 2.132419449402274490e-03 -1.858867450645563125e-03 -5.923435485415021878e-03 -1.096497239276861095e-02 6.291000549072486847e-02 -2.846549031823387629e-02 -1.154016911255546229e-01 -1.025548382944558995e-01
3.253379620337352052e-03 2.171754711637543037e-02 8.662746454789753692e-01 -4.379161226605116845e-04 1.860401269892118879e-03 2.725568856073059924e-03 5.780116200556515303e-06 5.070426783647964664e-05 1.033036946464999236e-03 -8.521531390376999168e-05 1.560480558161347485e-04 1.433519809494834619e-06 -5.668039647135833718e-06 -2.362541288600074896e-01 -2.757626299267336174e-03 3.646675093249942320e-04 3.668724854978088271e-03 -1.814513364818272616e-03 -3.380431425877713993e-04 5.407790901662860861e-02 1.749273687999021998e-01 -1.111588773913397277e-01 -1.423201635142645749e-01 -1.480963129081436236e+00 -1.194059326795709142e+00
-4.157161943868685288e-05 -1.749515995902774517e-04 -4.379161226605116845e-04 2.057596399140823213e-05 -2.277125134931845687e-05 -1.790211495179988181e-05 3.032006807313020352e-07 -2.869901646095795064e-07 -1.193949828029620351e-05 1.109801431820511870e-06 -2.103728978458600741e-06 -8.800529972764533310e-08 9.942179137819729733e-09 6.724063697721948101e-04 -1.571616567096355732e-05 2.941855531853171369e-04 -1.858981855167060159e-04 -6.526635657205380474e-06 1.255929110586874757e-04 2.100127441250449021e-04 3.101978354332068921e-04 1.633173470390677368e-02 1.728217941412584294e-02 1.061218257806795934e-02 -2.220971796383445704e-03
4.499081893685642894e-04 1.538488843683360769e-03 1.860401269892118879e-03 -2.277125134931845687e-05 5.368362813819029748e-04 1.234585100958178082e-04 -5.244887300852548458e-06 2.869189235132015176e-06 1.526678516017306421e-04 1.178841890575125904e-04 5.791675831499309891e-06 3.731013509548768108e-07 1.444309214284854826e-08 6.281141302059300600e-05 -3.298958787629479088e-06 -1.258408099545813138e-03 1.873893375206538104e-03 -4.383748206692322520e-05 -2.970410270342918491e-05 -9.773146024867694192e-04 -6.727750954767593335e-04 1.790298692314074361e-02 -1.132817331413702062e-02 -2.615857916745129019e-02 -2.519780443719723748e-02
3.345142331375229074e-04 1.010042682712462142e-03 2.725568856073059924e-03 -1.790211495179988181e-05 1.234585100958178082e-04 1.599949065627473432e-04 -1.461920325340497999e-06 2.461724710302731411e-06 7.551451173655057767e-05 1.043513660774465183e-05 -1.771535435892569231e-06 4.061185157200135138e-08 -9.529854000887764397e-08 -1.986899053884938482e-03 -5.731773529589222801e-05 -6.458523989821859761e-04 9.490004272533827121e-04 8.070963185495928305e-04 1.995114412138044593e-04 -6.020946335274017481e-05 -3.333363729704988811e-04 1.156522115220978350e-02 -1.861834649097018034e-03 -1.269644672376528220e-02 8.257077505404811788e-04
-1.035556991626687227e-05 -2.573608215200786514e-05 5.780116200556511914e-06 3.032006807313020352e-07 -5.244887300852548458e-06 -1.461920325340497999e-06 5.053782512153987296e-07 -2.483588605052267136e-08 -3.521304074488175390e-06 3.865804425565184605e-07 9.129140736438760568e-08 4.010564428373513872e-09 -5.019033583466544799e-09 -1.862269452289604533e-04 -1.971210817438893542e-06 8.338368797171372411e-06 -2.448018308773543551e-05 -8.296772041430787011e-06 1.103172738115029826e-05 4.316161561751387756e-05 1.292336220554894492e-04 -7.308232186257369997e-04 -2.493255064904900675e-04 5.542501185968940793e-04 1.489820813526330492e-03
3.488911922465571668e-06 2.615858181930194094e-05 5.070426783647964664e-05 -2.869901646095795064e-07 2.869189235132015176e-06 2.461724710302731411e-06 -2.483588605052267136e-08 1.253202256606009513e-07 1.167476764733137122e-06 1.275813012182013677e-07 5.120542355244275644e-08 4.527410650043119253e-09 -2.151882283314249299e-09 -7.482650157203980660e-05 -1.276866495926161140e-07 -8.869099540178560423e-06 1.926737007460251066e-05 1.343324522205699379e-05 4.107387126811330448e-06 -1.913129719319263518e-06 4.824980400402082747e-06 5.414185112639935968e-04 -1.394839240138986589e-04 -3.858002873534185115e-04 5.285597508579524393e-06
3.163574317530324352e-04 8.084323106017638058e-04 1.033036946464999453e-03 -1.193949828029620351e-05 1.526678516017306421e-04 7.551451173655057767e-05 -3.521304074488175390e-06 1.167476764733137122e-06 1.003176579701775913e-04 -9.653724041383881119e-06 -1.867991267072536226e-06 -2.800381084988468250e-09 3.312836620844949596e-08 9.088097339429685806e-04 2.170605471401269644e-06 -3.255328055496054408e-04 9.589924929773163947e-04 1.810657934078098853e-04 -1.959255175685757850e-04 -5.977422893739794876e-04 -1.318795385732184685e-03 3.683445370362659066e-02 2.066169804065324037e-02 7.734264774034437483e-03 -4.791998954218644642e-03
-6.611598136521470280e-06 -1.596642903245600146e-05 -8.521531390377003233e-05 1.109801431820511870e-06 1.178841890575125904e-04 1.043513660774465183e-05 3.865804425565184605e-07 1.275813012182013677e-07 -9.653724041383881119e-06 7.078183256486166931e-05 2.652728559031476881e-07 1.229566330536538455e-07 -2.870790049075585407e-08 -1.674471143176252830e-04 -2.196879220129385651e-05 -1.971033364132852633e-04 1.474917354780490156e-04 1.084434603857698361e-04 3.836837202320040881e-04 4.165702912487018097e-04 6.793144593730953166e-04 7.519343244449231203e-03 -1.048889465503783421e-03 -1.069171982390669864e-02 -8.191672116170162568e-03
-6.209087993817598916e-06 1.576801337944328706e-05 1.560480558161347485e-04 -2.103728978458600741e-06 5.791675831499309891e-06 -1.771535435892569231e-06 9.129140736438760568e-08 5.120542355244275644e-08 -1.867991267072536226e-06 2.652728559031476881e-07 5.284602804056113167e-06 -3.562478928593785386e-08 2.481474615448311622e-10 1.452284260536585011e-03 -1.030691610630242139e-05 9.513433519042058980e-06 1.206936129282139118e-04 6.185632442203342395e-06 -3.338593705805363533e-05 -6.077073516615436223e-05 4.719467043099925948e-04 9.387925844641096737e-03 6.064782239352045461e-03 4.062537520171505441e-03 8.504018617662729030e-04
1.756619817781149441e-07 9.690394836706806126e-07 1.433519809494834196e-06 -8.800529972764533310e-08 3.731013509548768108e-07 4.061185157200135138e-08 4.010564428373513872e-09 4.527410650043119253e-09 -2.800381084988468250e-09 1.229566330536538455e-07 -3.562478928593785386e-08 4.346985342919003888e-07 -7.375086939813199904e-09 -8.070693644281751308e-04 1.546462391514414739e-06 6.463799907674723359e-05 -4.523626630595647225e-05 1.280016829781040948e-04 -1.194492664603885178e-04 -7.287773056302660553e-05 5.383504983974389275e-05 9.877268248502536069e-03 -8.574371426689243736e-03 -4.098548165228431232e-03 9.241735815105465600e-04
1.912430188457946328e-09 -3.948029572320943807e-07 -5.668039647135834565e-06 9.942179137819729733e-09 1.444309214284854826e-08 -9.529854000887764397e-08 -5.019033583466544799e-09 -2.151882283314249299e-09 3.312836620844949596e-08 -2.870790049075585407e-08 2.481474615448311622e-10 -7.375086939813199904e-09 4.126189425217793085e-07 1.486356468702871745e-03 1.885659342506546991e-06 -1.644068799417376230e-05 2.717357510413381561e-06 -1.701894031049446196e-05 -3.566303685472517097e-05 2.382331335562760314e-04 4.563859730526397267e-04 -9.811528071655922865e-04 -2.106134471899166402e-03 2.098039276360741910e-03 5.985804170239856885e-04
6.191865017675668448e-06 2.571548265899074349e-03 -2.362541288600075173e-01 6.724063697721949185e-04 6.281141302059368363e-05 -1.986899053884938482e-03 -1.862269452289604533e-04 -7.482650157203980660e-05 9.088097339429690143e-04 -1.674471143176253373e-04 1.452284260536585011e-03 -8.070693644281751308e-04 1.486356468702871962e-03 3.334743973424680235e+02 -6.416629080619817849e-02 2.518665619823766022e+00 -2.083517653330276165e+00 1.113097914255700926e+00 -3.980785088727915588e-01 -3.009568656832805189e+01 -1.010990673613223123e+02 2.451912012896565329e+02 3.156803206627793088e+02 5.297260288931777268e+02 -1.151632273192807588e+03
-1.211946025137882431e-04 1.026300164370692095e-05 -2.757626299267335306e-03 -1.571616567096354716e-05 -3.298958787629487135e-06 -5.731773529589218058e-05 -1.971210817438894389e-06 -1.276866495926155846e-07 2.170605471401259056e-06 -2.196879220129385312e-05 -1.030691610630241970e-05 1.546462391514414315e-06 1.885659342506547627e-06 -6.416629080619816461e-02 8.200516303380336880e-02 7.578415079470225343e-03 1.772246195658645209e-03 1.755899146218927592e-03 1.491181531602668413e-02 3.016586672310026668e-02 3.285010797020857399e-03 -1.036904861564362124e+00 8.940024437024632897e-01 1.948786486595751377e+00 -9.191027376325355824e-01
-1.268597386381967000e-03 -5.470026273984233967e-03 3.646675093249942320e-04 2.941855531853171369e-04 -1.258408099545812921e-03 -6.458523989821860845e-04 8.338368797171370717e-06 -8.869099540178557035e-06 -3.255328055496054950e-04 -1.971033364132852904e-04 9.513433519042065756e-06 6.463799907674723359e-05 -1.644068799417375553e-05 2.518665619823766022e+00 7.578415079470225343e-03 4.548601332305466372e+00 -3.521266584147991541e+00 -1.431953598991254628e-01 1.331728133461675401e-01 6.695687008212281022e-01 3.804736681564017675e-01 -3.353330128114484410e+01 6.804894936483276702e+00 3.197760040478310728e+01 -4.713474660806385330e+00
3.527773704512000928e-03 8.170371625568441723e-03 3.668724854978098245e-03 -1.858981855167059617e-04 1.873893375206538104e-03 9.490004272533826037e-04 -2.448018308773542196e-05 1.926737007460250389e-05 9.589924929773163947e-04 1.474917354780490427e-04 1.206936129282139118e-04 -4.523626630595647225e-05 2.717357510413385796e-06 -2.083517653330276165e+00 1.772246195658646294e-03 -3.521266584147991541e+00 7.101037090962336151e+00 1.107929487198252294e-01 -1.178704309920307197e-01 -4.121477612952557101e-01 -1.249656302584364054e-01 2.730116683180780868e+01 -4.471376388974903193e+00 -2.510549844095135796e+01 4.927825933865026542e+00
1.024442464806862027e-03 2.132419449402274923e-03 -1.814513364818268280e-03 -6.526635657205382168e-06 -4.383748206692322520e-05 8.070963185495928305e-04 -8.296772041430787011e-06 1.343324522205699379e-05 1.810657934078098853e-04 1.084434603857698361e-04 6.185632442203346630e-06 1.280016829781040948e-04 -1.701894031049446196e-05 1.113097914255700704e+00 1.755899146218926942e-03 -1.431953598991254628e-01 1.107929487198252017e-01 3.463147591663305214e+00 4.284633137656048696e-01 1.070882188689413761e-01 -8.876345592942425089e-02 -1.451069115053545211e+01 1.391107910818305449e+01 9.869940080777199753e+00 1.019899250770578636e+00
-5.218210541528911593e-04 -1.858867450645561390e-03 -3.380431425877838134e-04 1.255929110586875299e-04 -2.970410270342963553e-05 1.995114412138043237e-04 1.103172738115029656e-05 4.107387126811328754e-06 -1.959255175685758934e-04 3.836837202320040338e-04 -3.338593705805366921e-05 -1.194492664603885313e-04 -3.566303685472514386e-05 -3.980785088727910592e-01 1.491181531602668760e-02 1.331728133461675123e-01 -1.178704309920307197e-01 4.284633137656048696e-01 3.438341844696585436e+00 2.583909307939141975e+00 2.311974917530448703e+00 1.355322906841264796e+01 -1.982506875797972512e+01 -6.687569166788095210e+00 5.210800394940782176e+00
-1.228259247695210471e-03 -5.923435485415021878e-03 5.407790901662860167e-02 2.100127441250449021e-04 -9.773146024867692024e-04 -6.020946335274017481e-05 4.316161561751388434e-05 -1.913129719319263518e-06 -5.977422893739794876e-04 4.165702912487019723e-04 -6.077073516615434868e-05 -7.287773056302659198e-05 2.382331335562760314e-04 -3.009568656832805189e+01 3.016586672310027015e-02 6.695687008212279911e-01 -4.121477612952557101e-01 1.070882188689413761e-01 2.583909307939141975e+00 1.769435989460124503e+01 3.143224144130395814e+01 2.632061908070773626e+01 4.535781740848378263e+01 -9.467499655230540156e+01 3.364932043666780004e+01
-2.820989787188996588e-03 -1.096497239276861095e-02 1.749273687999021165e-01 3.101978354332068921e-04 -6.727750954767593335e-04 -3.333363729704988811e-04 1.292336220554894763e-04 4.824980400402086982e-06 -1.318795385732184685e-03 6.793144593730952082e-04 4.719467043099925948e-04 5.383504983974389952e-05 4.563859730526397267e-04 -1.010990673613223123e+02 3.285010797020863037e-03 3.804736681564019340e-01 -1.249656302584364470e-01 -8.876345592942423701e-02 2.311974917530448703e+00 3.143224144130395814e+01 8.436890390281114094e+01 1.333578499731954459e+01 6.512021204848164757e+01 -1.491813222736234081e+02 1.039258681381674450e+02
1.997777333359409269e-01 6.291000549072484072e-02 -1.111588773913388256e-01 1.633173470390677021e-02 1.790298692314075402e-02 1.156522115220978350e-02 -7.308232186257369997e-04 5.414185112639928379e-04 3.683445370362658372e-02 7.519343244449232071e-03 9.387925844641093268e-03 9.877268248502536069e-03 -9.811528071655918528e-04 2.451912012896565614e+02 -1.036904861564361902e+00 -3.353330128114483699e+01 2.730116683180780868e+01 -1.451069115053545211e+01 1.355322906841264796e+01 2.632061908070773626e+01 1.333578499731954814e+01 8.788930229137828064e+03 3.735001305205959852e+03 1.559835477266658700e+03 -2.138322054249113080e+02
9.677681953333647225e-02 -2.846549031823389364e-02 -1.423201635142642141e-01 1.728217941412584294e-02 -1.132817331413702930e-02 -1.861834649097015215e-03 -2.493255064904902302e-04 -1.394839240138986318e-04 2.066169804065323690e-02 -1.048889465503787108e-03 6.064782239352045461e-03 -8.574371426689243736e-03 -2.106134471899166402e-03 3.156803206627793088e+02 8.940024437024629567e-01 6.804894936483276702e+00 -4.471376388974904081e+00 1.391107910818305271e+01 -1.982506875797972512e+01 4.535781740848378973e+01 6.512021204848163336e+01 3.735001305205959852e+03 7.457253753718724511e+03 3.941766071424485290e+03 1.493373483853239065e+02
2.340716416797383390e-02 -1.154016911255545952e-01 -1.480963129081436236e+00 1.061218257806795934e-02 -2.615857916745128672e-02 -1.269644672376527873e-02 5.542501185968940793e-04 -3.858002873534185115e-04 7.734264774034430544e-03 -1.069171982390669864e-02 4.062537520171505441e-03 -4.098548165228431232e-03 2.098039276360741910e-03 5.297260288931777268e+02 1.948786486595751599e+00 3.197760040478310728e+01 -2.510549844095135796e+01 9.869940080777199753e+00 -6.687569166788095210e+00 -9.467499655230540156e+01 -1.491813222736234081e+02 1.559835477266658700e+03 3.941766071424485290e+03 6.618423634340629178e+03 2.714835018793762629e+03
1.114463371643824221e-03 -1.025548382944558717e-01 -1.194059326795709586e+00 -2.220971796383453510e-03 -2.519780443719721666e-02 8.257077505404833472e-04 1.489820813526330492e-03 5.285597508579149157e-06 -4.791998954218642040e-03 -8.191672116170162568e-03 8.504018617662703009e-04 9.241735815105462347e-04 5.985804170239855801e-04 -1.151632273192807816e+03 -9.191027376325359155e-01 -4.713474660806380889e+00 4.927825933865025654e+00 1.019899250770579080e+00 5.210800394940782176e+00 3.364932043666780004e+01 1.039258681381674450e+02 -2.138322054249113364e+02 1.493373483853239350e+02 2.714835018793762629e+03 1.217284013925851104e+04
